  ID   MODEL                              ID          Model          Level              H            dDF            dLR          Alpha            Inf        %dH(DV)           dAIC           dBIC      Inc.Alpha          Prog.       %C(Data)
 337   IV:ApZ:EdCZ:EdKZ:LZ                                               7         9.5221             20                        0.0000                       20.4766        80.2026        -0.7921                                             
 336   IV:ApZ:EdCZ:EdKZ:BZ                                               7         9.5224             21                        0.0000                       20.4489        78.0402        -7.0043                                             
 335   IV:ApZ:EdKZ:EdLZ:CZ                                               7         9.5224             20                        0.0000                       20.4461        80.0236        -0.9711                                             
 334   IV:ApZ:EdKZ:BCZ                                                   7         9.5249             23                        0.0000                       20.1976        72.5649       -20.5790                                             
 333   IV:ApZ:EdKZ:BKZ:CZ                                                7         9.5250             26                        0.0000                       20.1886        66.5123       -38.7808                                             
 332   IV:ApZ:EdCZ:EdKZ:AgZ                                              7         9.5253             20                        0.0000                       20.1582        78.3334        -2.6612                                             
 331   IV:ApZ:EdCZ:EdKZ:CKZ                                              7         9.5262             24                        0.0000                       20.0711        69.8225       -27.3711                                             
 330   IV:ApZ:EdKZ:CZ:KLZ                                                7         9.5263             22                        0.0000                       20.0574        73.7420       -15.3522                                             
 329   IV:ApZ:EdKZ:AgZ:BZ:CZ                                             7         9.5265             19                        0.0000                       20.0391        79.6342         2.6892                                             
 328   IV:ApZ:EdCZ:EdKZ:NZ                                               7         9.5265             21                        0.0000                       20.0365        75.6191        -9.4253                                             
 327   IV:ApZ:EdCZ:EdKZ:EZ                                               7         9.5271             20                        0.0000                       19.9784        77.2781        -3.7165                                             
 326   IV:ApZ:EdBZ:EdKZ:CZ                                               7         9.5272             23                        0.0000                       19.9671        71.2115       -21.9324                                             
 325   IV:ApZ:EdCZ:EdKZ:JZ                                               7         9.5275             21                        0.0000                       19.9425        75.0672        -9.9772                                             
 324   IV:ApZ:EdKZ:CLZ                                                   7         9.5276             20                        0.0000                       19.9329        77.0108        -3.9839                                             
 323   IV:ApZ:EdKZ:BZ:CZ:LZ                                              7         9.5283             19                        0.0000                       19.8604        78.5852         1.6403                                             
 322   IV:ApZ:EdCZ:EdKZ:DZ                                               7         9.5288             20                        0.0000                       19.8065        76.2688        -4.7259                                             
 321   IV:ApZ:EdCZ:EdKZ:FZ                                               7         9.5290             20                        0.0000                       19.7911        76.1786        -4.8160                                             
 320   IV:ApZ:EdKZ:AgZ:CZ:LZ                                             7         9.5291             18                        0.0000                       19.7822        80.1265         7.2313                                             
 319   IV:ApZ:EdKZ:BZ:CZ:NZ                                              7         9.5293             20                        0.0000                       19.7529        75.9543        -5.0404                                             
 318   IV:ApCZ:EdCZ:EdKZ                                                 7         9.5296             20                        0.0000                       19.7318        75.8302        -5.1645                                             
 317   IV:ApZ:EdCZ:EdKZ:MZ                                               7         9.5298             20                        0.0000                       19.7102        75.7034        -5.2912                                             
 316   IV:ApZ:EdCZ:EdKZ:AZ                                               7         9.5299             20                        0.0000                       19.6926        75.6005        -5.3941                                             
 315   IV:ApZ:EdKZ:BZ:CZ:EZ                                              7         9.5305             19                        0.0000                       19.6389        77.2849         0.3400                                             
 314   IV:ApZ:EdKZ:CZ:EZ:LZ                                              7         9.5308             18                        0.0000                       19.6039        79.0796         6.1844                                             
 313   IV:ApZ:EdKZ:CZ:LZ:NZ                                              7         9.5310             19                        0.0000                       19.5877        76.9846         0.0397                                             
 312   IV:ApZ:SxZ:EdCZ:EdKZ                                              7         9.5311             19                        0.0000                       19.5732        76.8995        -0.0454                                             
 311   IV:ApZ:EdKZ:CKZ:LZ                                                7         9.5312             22                        0.0000                       19.5722        70.8936       -18.2006                                             
 310   IV:ApZ:EdKZ:BZ:CKZ                                                7         9.5313             23                        0.0000                       19.5549        68.7918       -24.3520                                             
 309   IV:ApEdZ:EdCZ:EdKZ                                                7         9.5315             20                        0.0000                       19.5422        74.7176        -6.2770                                             
 308   IV:ApZ:EdCZ:EdKZ:HZ                                               7         9.5315             20                        0.0000                       19.5402        74.7059        -6.2888                                             
 307   IV:ApKZ:EdCZ:EdKZ                                                 7         9.5317             21                        0.0000                       19.5197        72.5856       -12.4588                                             
 306   IV:ApZ:EdCZ:EdKZ:GZ                                               7         9.5317             20                        0.0000                       19.5187        74.5796        -6.4150                                             
 305   IV:ApZ:EdKZ:CZ:JZ:LZ                                              7         9.5317             19                        0.0000                       19.5170        76.5697        -0.3753                                             
 304   IV:ApZ:EdKZ:BZ:CZ:FZ                                              7         9.5319             19                        0.0000                       19.4964        76.4484        -0.4966                                             
 303   IV:ApZ:EdCZ:EdKZ:PZ                                               7         9.5321             21                        0.0000                       19.4774        72.3372       -12.7072                                             
 302   IV:ApZ:EdKZ:BZ:CZ:DZ                                              7         9.5322             19                        0.0000                       19.4682        76.2832        -0.6617                                             
 301   IV:ApZ:EdCZ:EdKZ                                                  6         9.5323             18                        0.0000                       19.4590        78.2291         5.3339                                             
 300   IV:ApZ:EdKZ:BZ:CZ:JZ                                              7         9.5323             20                        0.0000                       19.4584        74.2255        -6.7692                                             
 299   IV:ApZ:EdKZ:AZ:BZ:CZ                                              7         9.5323             19                        0.0000                       19.4577        76.2217        -0.7232                                             
 298   IV:ApZ:EdKZ:AZ:CZ:LZ                                              7         9.5323             18                        0.0000                       19.4559        78.2112         5.3160                                             
 297   IV:ApZ:EdKZ:CZ:DZ:LZ                                              7         9.5324             18                        0.0000                       19.4507        78.1805         5.2853                                             
 296   IV:ApBZ:EdKZ:CZ                                                   7         9.5326             20                        0.0000                       19.4250        74.0297        -6.9650                                             
 295   IV:ApEdZ:EdKZ:BZ:CZ                                               7         9.5328             19                        0.0000                       19.4028        75.8994        -1.0455                                             
 294   IV:ApZ:EdKZ:BZ:CZ:MZ                                              7         9.5333             19                        0.0000                       19.3586        75.6399        -1.3050                                             
 293   IV:ApZ:EdKZ:CZ:FZ:LZ                                              7         9.5335             18                        0.0000                       19.3341        77.4959         4.6007                                             
 292   IV:ApCZ:EdKZ:BZ                                                   7         9.5337             19                        0.0000                       19.3193        75.4092        -1.5357                                             
 291   IV:ApZ:EdKZ:CZ:LZ:MZ                                              7         9.5337             18                        0.0000                       19.3134        77.3742         4.4790                                             
 290   IV:ApCZ:EdKZ:LZ                                                   7         9.5339             18                        0.0000                       19.3007        77.2995         4.4043                                             
 289   IV:ApKZ:EdKZ:BZ:CZ                                                7         9.5341             20                        0.0000                       19.2804        73.1807        -7.8139                                             
 288   IV:ApZ:EdKZ:BZ:CZ:GZ                                              7         9.5341             19                        0.0000                       19.2776        75.1642        -1.7807                                             
 287   IV:ApZ:EdKZ:CZ:GZ:LZ                                              7         9.5344             18                        0.0000                       19.2501        77.0026         4.1074                                             
 286   IV:ApEdZ:EdKZ:CZ:LZ                                               7         9.5346             18                        0.0000                       19.2238        76.8483         3.9531                                             
 285   IV:ApZ:EdKZ:BZ:CZ:PZ                                              7         9.5349             20                        0.0000                       19.1942        72.6744        -8.3203                                             
 284   IV:ApZ:EdKZ:BZ:CZ:HZ                                              7         9.5350             19                        0.0000                       19.1891        74.6449        -2.3001                                             
 283   IV:ApZ:SxZ:EdKZ:BZ:CZ                                             7         9.5350             18                        0.0000                       19.1849        76.6199         3.7247                                             
 282   IV:ApLZ:EdKZ:CZ                                                   7         9.5351             18                        0.0000                       19.1729        76.5497         3.6545                                             
 281   IV:ApZ:EdKZ:BZ:CZ                                                 6         9.5352             17                        0.0000                       19.1669        78.5147         9.6692                                             
 280   IV:ApKZ:EdKZ:CZ:LZ                                                7         9.5354             19                        0.0000                       19.1442        74.3814        -2.5635                                             
 279   IV:ApZ:EdKZ:CZ:LZ:PZ                                              7         9.5355             19                        0.0000                       19.1356        74.3308        -2.6141                                             
 278   IV:ApZ:EdKZ:CZ:HZ:LZ                                              7         9.5356             18                        0.0000                       19.1286        76.2894         3.3942                                             
 277   IV:ApZ:SxZ:EdKZ:CZ:LZ                                             7         9.5358             17                        0.0000                       19.1032        78.1405         9.2950                                             
 276   IV:ApZ:EdKZ:CZ:LZ                                                 6         9.5361             16                        0.0000                       19.0760        79.9806        15.1849                                             
 275   IV:ApZ:EdKZ:AgZ:CZ                                                6         9.5362             16                        0.0000                       19.0637        79.9086        15.1129                                             
 274   IV:ApZ:EdKZ:CZ:EZ                                                 6         9.5383             16                        0.0000                       18.8551        78.6838        13.8881                                             
 273   IV:ApZ:EdKZ:CZ:NZ                                                 6         9.5385             17                        0.0000                       18.8382        76.5849         7.7395                                             
 272   IV:ApZ:EdKZ:CKZ                                                   6         9.5395             20                        0.0000                       18.7393        70.0044       -10.9902                                             
 271*  IV:ApZ:EdJZ:CZ:KZ                                                 6         9.5397             17                        0.0000                       18.7199        75.8905         7.0450                                             
 270   IV:ApZ:EdKZ:CZ:DZ                                                 6         9.5402             16                        0.0000                       18.6645        77.5654        12.7696                                             
 269   IV:ApZ:EdKZ:CZ:JZ                                                 6         9.5402             17                        0.0000                       18.6643        75.5640         6.7186                                             
 268   IV:ApZ:EdKZ:AZ:CZ                                                 6         9.5406             16                        0.0000                       18.6298        77.3616        12.5659                                             
 267   IV:ApZ:EdKZ:CZ:FZ                                                 6         9.5408             16                        0.0000                       18.6095        77.2422        12.4465                                             
 266   IV:ApZ:EdKZ:CZ:MZ                                                 6         9.5414             16                        0.0000                       18.5493        76.8889        12.0932                                             
 265   IV:ApZ:EdCZ:EdJZ                                                  6         9.5418             18                        0.0000                       18.5075        72.6437        -0.2515                                             
 264   IV:ApCZ:EdKZ                                                      6         9.5418             16                        0.0000                       18.5046        76.6267        11.8309                                             
 263   IV:ApEdZ:EdKZ:CZ                                                  6         9.5419             16                        0.0000                       18.4977        76.5860        11.7903                                             
 262   IV:ApZ:EdKZ:CZ:GZ                                                 6         9.5424             16                        0.0000                       18.4480        76.2944        11.4987                                             
 261   IV:ApKZ:EdKZ:CZ                                                   6         9.5429             17                        0.0000                       18.3946        73.9809         5.1355                                             
 260   IV:ApZ:EdKZ:CZ:HZ                                                 6         9.5431             16                        0.0000                       18.3758        75.8704        11.0746                                             
 259   IV:ApZ:SxZ:EdKZ:CZ                                                6         9.5432             15                        0.0000                       18.3635        77.7984        17.0524                                             
 258   IV:ApZ:EdKZ:EdLZ                                                  6         9.5434             18                        0.0000                       18.3487        71.7113        -1.1839                                             
 257   IV:ApZ:EdKZ:CZ:PZ                                                 6         9.5434             17                        0.0000                       18.3436        73.6817         4.8362                                             
 256*  IV:ApZ:EdKZ:CZ                                                    5         9.5438             14                        0.0000                       18.3050        79.4549        22.7586                                             
 255   IV:ApZ:EdJZ:BZ:CZ                                                 6         9.5439             17                        0.0000                       18.2956        73.3994         4.5539                                             
 254   IV:ApZ:EdKZ:KLZ                                                   6         9.5442             20                        0.0000                       18.2705        67.2524       -13.7423                                             
 253   IV:ApZ:EdJZ:AgZ:CZ                                                6         9.5445             16                        0.0000                       18.2353        75.0454        10.2497                                             
 252   IV:ApZ:EdKZ:BZ:LZ                                                 6         9.5465             17                        0.0000                       18.0353        71.8715         3.0260                                             
 251   IV:ApZ:EdJZ:CZ:LZ                                                 6         9.5466             16                        0.0000                       18.0241        73.8061         9.0104                                             
 250   IV:ApZ:EdKZ:EZ:LZ                                                 6         9.5473             16                        0.0000                       17.9529        73.3876         8.5919                                             
 249   IV:ApZ:EdKZ:DZ:LZ                                                 6         9.5473             16                        0.0000                       17.9505        73.3737         8.5780                                             
 248   IV:ApZ:EdKZ:AgZ:LZ                                                6         9.5479             16                        0.0000                       17.8981        73.0661         8.2703                                             
 247   IV:ApZ:EdJZ:CZ:NZ                                                 6         9.5479             17                        0.0000                       17.8906        71.0219         2.1765                                             
 246   IV:ApZ:EdJZ:CZ:EZ                                                 6         9.5480             16                        0.0000                       17.8828        72.9764         8.1807                                             
 245   IV:ApZ:EdJZ:CJZ                                                   6         9.5483             20                        0.0000                       17.8553        64.8152       -16.1794                                             
 244   IV:ApZ:EdKZ:LZ:NZ                                                 6         9.5486             17                        0.0000                       17.8215        70.6167         1.7713                                             
 243   IV:ApZ:EdJZ:CZ:DZ                                                 6         9.5489             16                        0.0000                       17.7908        72.4364         7.6406                                             
 242   IV:ApZ:EdJZ:AZ:CZ                                                 6         9.5493             16                        0.0000                       17.7547        72.2244         7.4287                                             
 241   IV:ApZ:EdKZ:JZ:LZ                                                 6         9.5497             17                        0.0000                       17.7154        69.9937         1.1482                                             
 240   IV:ApZ:EdKZ:AZ:LZ                                                 6         9.5502             16                        0.0000                       17.6641        71.6925         6.8968                                             
 239   IV:ApZ:EdJZ:CZ:MZ                                                 6         9.5508             16                        0.0000                       17.6089        71.3683         6.5726                                             
 238   IV:ApZ:EdJZ:CZ:FZ                                                 6         9.5511             16                        0.0000                       17.5792        71.1942         6.3984                                             
 237   IV:ApZ:EdKZ:GZ:LZ                                                 6         9.5514             16                        0.0000                       17.5461        70.9997         6.2040                                             
 236   IV:ApCZ:EdJZ                                                      6         9.5515             16                        0.0000                       17.5367        70.9450         6.1492                                             
 235   IV:ApZ:EdKZ:LZ:MZ                                                 6         9.5516             16                        0.0000                       17.5238        70.8692         6.0735                                             
 234   IV:ApEdZ:EdJZ:CZ                                                  6         9.5519             16                        0.0000                       17.4948        70.6985         5.9028                                             
 233   IV:ApLZ:EdKZ                                                      6         9.5522             16                        0.0000                       17.4692        70.5484         5.7527                                             
 232   IV:ApZ:EdJZ:CZ:HZ                                                 6         9.5522             16                        0.0000                       17.4669        70.5352         5.7395                                             
 231   IV:ApZ:EdKZ:FZ:LZ                                                 6         9.5522             16                        0.0000                       17.4657        70.5280         5.7323                                             
 230   IV:ApZ:EdJZ:CZ:GZ                                                 6         9.5525             16                        0.0000                       17.4376        70.3628         5.5671                                             
 229   IV:ApEdZ:EdKZ:LZ                                                  6         9.5527             16                        0.0000                       17.4178        70.2466         5.4509                                             
 228   IV:ApZ:SxZ:EdJZ:CZ                                                6         9.5528             15                        0.0000                       17.4081        72.1898        11.4438                                             
 227   IV:ApZ:EdJZ:CZ:PZ                                                 6         9.5530             17                        0.0000                       17.3842        68.0495        -0.7959                                             
 226   IV:ApKZ:EdKZ:LZ                                                   6         9.5533             17                        0.0000                       17.3595        67.9044        -0.9411                                             
 225   IV:ApZ:EdKZ:HZ:LZ                                                 6         9.5533             16                        0.0000                       17.3589        69.9012         5.1055                                             
 224   IV:ApZ:EdKZ:LZ:PZ                                                 6         9.5533             17                        0.0000                       17.3532        67.8674        -0.9780                                             
 223   IV:ApJZ:EdJZ:CZ                                                   6         9.5534             17                        0.0000                       17.3491        67.8437        -1.0018                                             
 222*  IV:ApZ:EdJZ:CZ                                                    5         9.5536             14                        0.0000                       17.3278        73.7185        17.0222                                             
 221   IV:ApZ:SxZ:EdKZ:LZ                                                6         9.5537             15                        0.0000                       17.3128        71.6302        10.8842                                             
 220   IV:ApZ:EdKZ:LZ                                                    5         9.5540             14                        0.0000                       17.2883        73.4868        16.7905                                             
 219   IV:ApZ:EdKZ:BZ                                                    5         9.5546             15                        0.0000                       17.2213        71.0933        10.3473                                             
 218   IV:ApZ:EdKZ:DZ                                                    5         9.5560             14                        0.0000                       17.0821        72.2761        15.5798                                             
 217   IV:ApZ:EdKZ:EZ                                                    5         9.5561             14                        0.0000                       17.0733        72.2246        15.5283                                             
 216   IV:ApZ:EdKZ:AgZ                                                   5         9.5564             14                        0.0000                       17.0485        72.0787        15.3825                                             
 215   IV:ApKZ:EdZ:CZ                                                    5         9.5565             11                        0.0000                       17.0336        77.9913        33.4443                                             
 214   IV:ApZ:EdKZ:NZ                                                    5         9.5574             15                        0.0000                       16.9436        69.4628         8.7168                                             
 213   IV:ApZ:EdZ:AgZ:CZ:KZ                                              5         9.5576             10                        0.0000                       16.9239        79.3472        38.8499                                             
 212   IV:ApZ:EdZ:BZ:CZ:KZ                                               5         9.5576             11                        0.0000                       16.9232        77.3433        32.7963                                             
 211   IV:ApZ:EdZ:CZ:KZ:LZ                                               5         9.5588             10                        0.0000                       16.8010        78.6262        38.1288                                             
 210   IV:ApZ:EdKZ:JZ                                                    5         9.5595             15                        0.0000                       16.7370        68.2504         7.5044                                             
 209   IV:ApZ:EdKZ:AZ                                                    5         9.5595             14                        0.0000                       16.7300        70.2089        13.5126                                             
 208   IV:ApZ:EdZ:CZ:EZ:KZ                                               5         9.5601             10                        0.0000                       16.6780        77.9040        37.4067                                             
 207   IV:ApZ:EdKZ:MZ                                                    5         9.5605             14                        0.0000                       16.6333        69.6413        12.9451                                             
 206   IV:ApZ:EdKZ:FZ                                                    5         9.5605             14                        0.0000                       16.6290        69.6161        12.9198                                             
 205   IV:ApZ:EdKZ:GZ                                                    5         9.5606             14                        0.0000                       16.6255        69.5959        12.8997                                             
 204   IV:ApZ:EdZ:CZ:KZ:NZ                                               5         9.5612             11                        0.0000                       16.5640        75.2347        30.6876                                             
 203   IV:ApZ:EdZ:CZ:JZ:KZ                                               5         9.5613             11                        0.0000                       16.5578        75.1984        30.6514                                             
 202   IV:ApEdZ:EdKZ                                                     5         9.5614             14                        0.0000                       16.5416        69.1030        12.4068                                             
 201   IV:ApEdZ:CZ:KZ                                                    5         9.5614             10                        0.0000                       16.5403        77.0956        36.5982                                             
 200   IV:ApZ:EdZ:CKZ                                                    5         9.5616             14                        0.0000                       16.5189        68.9702        12.2739                                             
 199   IV:ApZ:EdKZ:HZ                                                    5         9.5619             14                        0.0000                       16.4914        68.8084        12.1121                                             
 198   IV:ApZ:SxZ:EdKZ                                                   5         9.5623             13                        0.0000                       16.4534        70.5852        17.9387                                             
 197   IV:ApKZ:EdKZ                                                      5         9.5623             15                        0.0000                       16.4512        66.5723         5.8263                                             
 196   IV:ApZ:EdKZ:PZ                                                    5         9.5624             15                        0.0000                       16.4403        66.5084         5.7624                                             
 195   IV:ApZ:EdCZ:KZ                                                    5         9.5625             12                        0.0000                       16.4380        72.4950        23.8982                                             
 194   IV:ApZ:EdZ:AZ:CZ:KZ                                               5         9.5625             10                        0.0000                       16.4380        76.4949        35.9976                                             
 193   IV:ApZ:EdZ:CZ:DZ:KZ                                               5         9.5625             10                        0.0000                       16.4303        76.4496        35.9523                                             
 192*  IV:ApZ:EdKZ                                                       4         9.5628             12                        0.0000                       16.3998        72.2708        23.6740                                             
 191   IV:ApZ:EdZ:CZ:FZ:KZ                                               5         9.5635             10                        0.0000                       16.3293        75.8570        35.3597                                             
 190   IV:ApCZ:EdZ:KZ                                                    5         9.5649             10                        0.0000                       16.1940        75.0628        34.5654                                             
 189   IV:ApZ:EdZ:CZ:KZ:MZ                                               5         9.5649             10                        0.0000                       16.1902        75.0405        34.5432                                             
 188   IV:ApZ:EdZ:CZ:GZ:KZ                                               5         9.5651             10                        0.0000                       16.1749        74.9504        34.4531                                             
 187*  IV:ApZ:EdZ:AgZ:CZ:JZ                                              5         9.5651             10                        0.0000                       16.1690        74.9161        34.4188                                             
 186   IV:ApZ:EdZ:CZ:HZ:KZ                                               5         9.5652             10                        0.0000                       16.1601        74.8640        34.3667                                             
 185   IV:ApZ:EdZ:BZ:CZ:JZ                                               5         9.5659             11                        0.0000                       16.0940        72.4754        27.9284                                             
 184   IV:ApZ:SxZ:EdZ:CZ:KZ                                              5         9.5661              9                        0.0000                       16.0722        76.3476        39.9000                                             
 183   IV:ApZ:EdZ:CZ:KZ:PZ                                               5         9.5663             11                        0.0000                       16.0527        72.2331        27.6860                                             
 182*  IV:ApZ:EdZ:CZ:KZ                                                  4         9.5665              8                        0.0000                       16.0375        78.1440        45.7461                                             
 181   IV:ApJZ:EdZ:CZ                                                    5         9.5671             11                        0.0000                       15.9748        71.7757        27.2286                                             
 180   IV:ApZ:EdZ:CZ:JZ:LZ                                               5         9.5685             10                        0.0000                       15.8282        72.9154        32.4181                                             
 179   IV:ApZ:EdZ:CZ:EZ:JZ                                               5         9.5690             10                        0.0000                       15.7805        72.6355        32.1382                                             
 178   IV:ApZ:EdZ:CZ:JZ:NZ                                               5         9.5700             11                        0.0000                       15.6801        70.0459        25.4989                                             
 177   IV:ApZ:EdZ:CZ:DZ:JZ                                               5         9.5706             10                        0.0000                       15.6262        71.7295        31.2321                                             
 176   IV:ApZ:EdZ:AZ:CZ:JZ                                               5         9.5708             10                        0.0000                       15.5974        71.5606        31.0633                                             
 175   IV:ApEdZ:CZ:JZ                                                    5         9.5709             10                        0.0000                       15.5924        71.5309        31.0336                                             
 174   IV:ApZ:EdCZ:JZ                                                    5         9.5710             12                        0.0000                       15.5801        67.4592        18.8624                                             
 173   IV:ApZ:EdZ:CJZ                                                    5         9.5713             14                        0.0000                       15.5473        63.2662         6.5699                                             
 172   IV:ApZ:EdZ:CZ:FZ:JZ                                               5         9.5733             10                        0.0000                       15.3560        70.1437        29.6464                                             
 171   IV:ApCZ:EdZ:JZ                                                    5         9.5740             10                        0.0000                       15.2810        69.7029        29.2056                                             
 170   IV:ApZ:EdZ:CZ:HZ:JZ                                               5         9.5741             10                        0.0000                       15.2751        69.6685        29.1712                                             
 169   IV:ApZ:EdZ:CZ:JZ:MZ                                               5         9.5741             10                        0.0000                       15.2724        69.6526        29.1553                                             
 168   IV:ApZ:EdZ:CZ:GZ:JZ                                               5         9.5743             10                        0.0000                       15.2524        69.5355        29.0381                                             
 167   IV:ApZ:SxZ:EdZ:CZ:JZ                                              5         9.5751              9                        0.0000                       15.1672        71.0353        34.5877                                             
 166   IV:ApZ:EdZ:CZ:JZ:PZ                                               5         9.5754             11                        0.0000                       15.1395        66.8725        22.3255                                             
 165*  IV:ApZ:EdZ:CZ:JZ                                                  4         9.5756              8                        0.0000                       15.1194        72.7544        40.3565                                             
 164   IV:ApKZ:EdZ                                                       4         9.5764              9                        0.0000                       15.0394        70.2850        33.8374                                             
 163   IV:ApZ:EdZ:KZ:LZ                                                  4         9.5779              8                        0.0000                       14.8903        71.4100        39.0121                                             
 162   IV:ApZ:EdZ:BZ:KZ                                                  4         9.5787              9                        0.0000                       14.8083        68.9284        32.4808                                             
 161*  IV:ApZ:EdZ:AgZ:CZ                                                 4         9.5791              7                        0.0000                       14.7752        72.7343        44.3862                                             
 160   IV:ApZ:EdZ:DZ:KZ                                                  4         9.5793              8                        0.0000                       14.7530        70.6035        38.2057                                             
 159   IV:ApZ:EdZ:EZ:KZ                                                  4         9.5794              8                        0.0000                       14.7388        70.5206        38.1227                                             
 158   IV:ApZ:EdZ:AgZ:KZ                                                 4         9.5799              8                        0.0000                       14.6959        70.2683        37.8704                                             
 157   IV:ApZ:EdZ:BZ:CZ                                                  4         9.5804              8                        0.0000                       14.6446        69.9671        37.5692                                             
 156   IV:ApZ:BZ:CZ:KZ                                                   4         9.5812              9                        0.0000                       14.5605        67.4734        31.0258                                             
 155   IV:ApZ:EdZ:CZ:EZ                                                  4         9.5815              7                        0.0000                       14.5338        71.3168        42.9687                                             
 154   IV:ApZ:EdZ:KZ:NZ                                                  4         9.5818              9                        0.0000                       14.4977        67.1051        30.6575                                             
 153   IV:ApZ:AgZ:CZ:KZ                                                  4         9.5818              8                        0.0000                       14.4971        69.1017        36.7039                                             
 152   IV:ApZ:EdZ:JZ:KZ                                                  4         9.5819              9                        0.0000                       14.4876        67.0455        30.5979                                             
 151   IV:ApEdZ:KZ                                                       4         9.5827              8                        0.0000                       14.4100        68.5899        36.1921                                             
 150   IV:ApZ:EdZ:AZ:KZ                                                  4         9.5831              8                        0.0000                       14.3682        68.3447        35.9468                                             
 149   IV:ApZ:EdZ:CZ:LZ                                                  4         9.5835              7                        0.0000                       14.3328        70.1367        41.7886                                             
 148   IV:ApZ:CZ:EZ:KZ                                                   4         9.5835              8                        0.0000                       14.3287        68.1130        35.7152                                             
 147   IV:ApZ:CZ:KZ:LZ                                                   4         9.5837              8                        0.0000                       14.3106        68.0066        35.6087                                             
 146   IV:ApZ:EdZ:CZ:NZ                                                  4         9.5838              8                        0.0000                       14.2958        67.9197        35.5218                                             
 145   IV:ApZ:CZ:KZ:NZ                                                   4         9.5845              9                        0.0000                       14.2308        65.5385        29.0909                                             
 144   IV:ApZ:EdZ:FZ:KZ                                                  4         9.5845              8                        0.0000                       14.2300        67.5336        35.1357                                             
 143   IV:ApZ:EdZ:AZ:CZ                                                  4         9.5847              7                        0.0000                       14.2082        69.4055        41.0574                                             
 142   IV:ApZ:EdZ:CZ:DZ                                                  4         9.5847              7                        0.0000                       14.2058        69.3916        41.0435                                             
 141   IV:ApZ:EdZ:GZ:KZ                                                  4         9.5848              8                        0.0000                       14.2019        67.3689        34.9710                                             
 140   IV:ApKZ:CZ                                                        4         9.5856              9                        0.0000                       14.1177        64.8744        28.4268                                             
 139   IV:ApZ:EdZ:HZ:KZ                                                  4         9.5857              8                        0.0000                       14.1131        66.8472        34.4493                                             
 138   IV:ApZ:EdZ:KZ:MZ                                                  4         9.5859              8                        0.0000                       14.0863        66.6898        34.2919                                             
 137   IV:ApEdZ:CZ                                                       4         9.5863              7                        0.0000                       14.0516        68.4860        40.1379                                             
 136   IV:ApZ:CZ:JZ:KZ                                                   4         9.5863              9                        0.0000                       14.0460        64.4534        28.0058                                             
 135   IV:ApZ:EdCZ                                                       4         9.5867              9                        0.0000                       14.0074        64.2266        27.7790                                             
 134   IV:ApZ:SxZ:EdZ:KZ                                                 4         9.5868              7                        0.0000                       14.0032        68.2021        39.8540                                             
 133   IV:ApZ:CZ:FZ:KZ                                                   4         9.5868              8                        0.0000                       14.0028        66.1997        33.8018                                             
 132   IV:ApZ:EdZ:KZ:PZ                                                  4         9.5868              9                        0.0000                       13.9968        64.1649        27.7173                                             
 131*  IV:ApZ:EdZ:KZ                                                     3         9.5870              6                        0.0000                       13.9805        70.0689        45.7705                                             
 130   IV:ApZ:EdZ:CZ:HZ                                                  4         9.5877              7                        0.0000                       13.9107        67.6591        39.3109                                             
 129   IV:ApZ:AZ:CZ:KZ                                                   4         9.5885              8                        0.0000                       13.8308        65.1899        32.7920                                             
 128   IV:ApZ:CZ:DZ:KZ                                                   4         9.5885              8                        0.0000                       13.8298        65.1843        32.7864                                             
 127   IV:ApZ:EdZ:CZ:MZ                                                  4         9.5886              7                        0.0000                       13.8197        67.1250        38.7769                                             
 126   IV:ApZ:CKZ                                                        4         9.5887             12                        0.0000                       13.8092        57.0634         8.4666                                             
 125   IV:ApZ:EdZ:CZ:FZ                                                  4         9.5887              7                        0.0000                       13.8056        67.0425        38.6943                                             
 124   IV:ApCZ:EdZ                                                       4         9.5889              7                        0.0000                       13.7932        66.9697        38.6215                                             
 123   IV:ApZ:CZ:GZ:KZ                                                   4         9.5892              8                        0.0000                       13.7648        64.8027        32.4048                                             
 122   IV:ApCZ:KZ                                                        4         9.5894              8                        0.0000                       13.7402        64.6586        32.2607                                             
 121   IV:ApZ:CZ:KZ:MZ                                                   4         9.5898              8                        0.0000                       13.6982        64.4119        32.0140                                             
 120   IV:ApZ:CZ:HZ:KZ                                                   4         9.5899              8                        0.0000                       13.6944        64.3892        31.9914                                             
 119   IV:ApZ:EdZ:CZ:GZ                                                  4         9.5900              7                        0.0000                       13.6789        66.2982        37.9501                                             
 118   IV:ApZ:EdZ:CZ:PZ                                                  4         9.5903              8                        0.0000                       13.6547        64.1563        31.7584                                             
 117   IV:ApZ:SxZ:EdZ:CZ                                                 4         9.5903              6                        0.0000                       13.6465        68.1082        43.8098                                             
 116   IV:ApZ:CZ:KZ:PZ                                                   4         9.5906              9                        0.0000                       13.6213        61.9602        25.5126                                             
 115*  IV:ApZ:EdZ:CZ                                                     3         9.5908              5                        0.0000                       13.6003        69.8373        49.5886                                             
 114   IV:ApZ:SxZ:CZ:KZ                                                  4         9.5909              7                        0.0000                       13.5849        65.7466        37.3985                                             
 113*  IV:ApZ:CZ:KZ                                                      3         9.5910              6                        0.0000                       13.5808        67.7227        43.4243                                             
 112*  IV:ApZ:EdZ:JZ                                                     3         9.5957              6                        0.0000                       13.1116        64.9686        40.6702                                             
 111*  IV:ApZ:CZ:JZ                                                      3         9.6007              6                        0.0000                       12.6066        62.0037        37.7053                                             
 110*  IV:ApZ:AgZ:CZ                                                     3         9.6017              5                        0.0000                       12.5054        63.4096        43.1609                                             
 109*  IV:ApZ:EdZ:EZ                                                     3         9.6024              5                        0.0000                       12.4388        63.0187        42.7700                                             
 108   IV:ApZ:BZ:CZ                                                      3         9.6024              6                        0.0000                       12.4377        61.0122        36.7137                                             
 107   IV:ApZ:EdZ:BZ                                                     3         9.6030              6                        0.0000                       12.3750        60.6443        36.3459                                             
 106   IV:ApZ:EdZ:AgZ                                                    3         9.6035              5                        0.0000                       12.3232        62.3404        42.0917                                             
 105   IV:ApZ:CZ:EZ                                                      3         9.6043              5                        0.0000                       12.2447        61.8797        41.6310                                             
 104   IV:ApZ:EdZ:LZ                                                     3         9.6045              5                        0.0000                       12.2244        61.7602        41.5116                                             
 103   IV:ApZ:EdZ:DZ                                                     3         9.6054              5                        0.0000                       12.1411        61.2710        41.0223                                             
 102   IV:ApZ:BZ:KZ                                                      3         9.6054              7                        0.0000                       12.1358        57.2399        28.8918                                             
 101   IV:ApZ:EdZ:NZ                                                     3         9.6059              6                        0.0000                       12.0919        58.9826        34.6842                                             
 100   IV:ApZ:DZ:KZ                                                      3         9.6061              6                        0.0000                       12.0703        58.8554        34.5570                                             
  99   IV:ApZ:CZ:NZ                                                      3         9.6061              6                        0.0000                       12.0627        58.8110        34.5126                                             
  98   IV:ApZ:KZ:LZ                                                      3         9.6062              6                        0.0000                       12.0604        58.7972        34.4988                                             
  97   IV:ApZ:EZ:KZ                                                      3         9.6063              6                        0.0000                       12.0514        58.7444        34.4460                                             
  96   IV:ApZ:EdZ:AZ                                                     3         9.6069              5                        0.0000                       11.9923        60.3977        40.1490                                             
  95   IV:ApZ:CZ:LZ                                                      3         9.6073              5                        0.0000                       11.9464        60.1283        39.8797                                             
  94   IV:ApZ:AgZ:KZ                                                     3         9.6075              6                        0.0000                       11.9247        58.0011        33.7027                                             
  93   IV:ApZ:KZ:NZ                                                      3         9.6086              7                        0.0000                       11.8140        55.3511        27.0030                                             
  92   IV:ApEdZ                                                          3         9.6093              5                        0.0000                       11.7427        58.9328        38.6841                                             
  91   IV:ApKZ                                                           3         9.6095              7                        0.0000                       11.7250        54.8288        26.4806                                             
  90   IV:ApZ:CZ:DZ                                                      3         9.6098              5                        0.0000                       11.6935        58.6437        38.3951                                             
  89   IV:ApZ:EdZ:HZ                                                     3         9.6099              5                        0.0000                       11.6868        58.6045        38.3558                                             
  88   IV:ApZ:AZ:CZ                                                      3         9.6101              5                        0.0000                       11.6693        58.5014        38.2527                                             
  87   IV:ApZ:JZ:KZ                                                      3         9.6102              7                        0.0000                       11.6522        54.4015        26.0534                                             
  86   IV:ApZ:FZ:KZ                                                      3         9.6108              6                        0.0000                       11.5936        56.0572        31.7588                                             
  85   IV:ApZ:EdZ:MZ                                                     3         9.6112              5                        0.0000                       11.5586        57.8521        37.6034                                             
  84   IV:ApZ:CZ:FZ                                                      3         9.6112              5                        0.0000                       11.5552        57.8321        37.5835                                             
  83   IV:ApZ:CZ:HZ                                                      3         9.6112              5                        0.0000                       11.5546        57.8284        37.5797                                             
  82   IV:ApZ:EdZ:FZ                                                     3         9.6117              5                        0.0000                       11.5060        57.5428        37.2942                                             
  81   IV:ApZ:EdZ:GZ                                                     3         9.6118              5                        0.0000                       11.4991        57.5026        37.2539                                             
  80   IV:ApZ:AZ:KZ                                                      3         9.6121              6                        0.0000                       11.4650        55.3024        31.0040                                             
  79   IV:ApCZ                                                           3         9.6125              5                        0.0000                       11.4305        57.0996        36.8510                                             
  78   IV:ApZ:EdZ:PZ                                                     3         9.6126              6                        0.0000                       11.4141        55.0035        30.7051                                             
  77   IV:ApZ:CZ:MZ                                                      3         9.6127              5                        0.0000                       11.4099        56.9789        36.7302                                             
  76   IV:ApZ:GZ:KZ                                                      3         9.6129              6                        0.0000                       11.3917        54.8719        30.5735                                             
  75   IV:ApZ:SxZ:EdZ                                                    3         9.6130              4                        0.0000                       11.3782        58.7929        42.5939                                             
  74*  IV:ApZ:EdZ                                                        2         9.6133              3                        0.0000                       11.3437        60.5901        48.4409                                             
  73   IV:ApZ:CZ:GZ                                                      3         9.6134              5                        0.0000                       11.3415        56.5774        36.3287                                             
  72   IV:ApZ:HZ:KZ                                                      3         9.6134              6                        0.0000                       11.3358        54.5440        30.2456                                             
  71   IV:ApZ:CZ:PZ                                                      3         9.6138              6                        0.0000                       11.2982        54.3232        30.0248                                             
  70   IV:ApZ:KZ:MZ                                                      3         9.6139              6                        0.0000                       11.2884        54.2655        29.9671                                             
  69   IV:ApZ:SxZ:CZ                                                     3         9.6143              4                        0.0000                       11.2509        58.0458        41.8468                                             
  68*  IV:ApZ:CZ                                                         2         9.6144              3                        0.0000                       11.2347        59.9506        47.8014                                             
  67   IV:ApZ:KZ:PZ                                                      3         9.6148              7                        0.0000                       11.1998        51.7455        23.3974                                             
  66*  IV:ApZ:KZ                                                         2         9.6150              4                        0.0000                       11.1792        57.6244        41.4255                                             
  65   IV:ApZ:SxZ:KZ                                                     3         9.6150              5                        0.0000                       11.1782        55.6188        35.3701                                             
  64*  IV:ApZ:JZ                                                         2         9.6245              4                        0.0000                       10.2283        52.0428        35.8439                                             
  63*  IV:ApZ:EZ                                                         2         9.6279              3                        0.0000                        9.8834        52.0178        39.8686                                             
  62   IV:ApZ:BZ                                                         2         9.6280              4                        0.0000                        9.8768        49.9795        33.7805                                             
  61*  IV:ApZ:AgZ                                                        2         9.6291              3                        0.0000                        9.7636        51.3147        39.1655                                             
  60   IV:ApZ:NZ                                                         2         9.6307              4                        0.0000                        9.6029        48.3714        32.1724                                             
  59   IV:ApZ:LZ                                                         2         9.6308              3                        0.0000                        9.5973        50.3382        38.1890                                             
  58   IV:ApZ:DZ                                                         2         9.6315              3                        0.0000                        9.5222        49.8976        37.7484                                             
  57   IV:ApZ:AZ                                                         2         9.6347              3                        0.0000                        9.2055        48.0388        35.8896                                             
  56   IV:ApZ:HZ                                                         2         9.6359              3                        0.0000                        9.0836        47.3229        35.1737                                             
  55   IV:ApZ:FZ                                                         2         9.6365              3                        0.0000                        9.0232        46.9683        34.8191                                             
  54   IV:ApZ:MZ                                                         2         9.6379              3                        0.0000                        8.8851        46.1579        34.0087                                             
  53   IV:ApZ:GZ                                                         2         9.6382              3                        0.0000                        8.8513        45.9590        33.8098                                             
  52   IV:ApZ:PZ                                                         2         9.6390              4                        0.0000                        8.7698        43.4810        27.2820                                             
  51   IV:ApZ:SxZ                                                        2         9.6394              2                        0.0000                        8.7340        47.2707        39.1712                                             
  50*  IV:ApZ                                                            1         9.6396              1                        0.0000                        8.7160        49.1652        45.1155                                             
  49*  IV:EdZ:KZ                                                         2         9.6735              5                        0.0000                        5.3184        21.2205         0.9719                                             
  48*  IV:CZ:KZ                                                          2         9.6754              5                        0.0000                        5.1247        20.0830        -0.1656                                             
  47*  IV:EdZ:CZ                                                         2         9.6775              4                        0.0000                        4.9140        20.8466         4.6476                                             
  46*  IV:EdZ:JZ                                                         2         9.6830              5                        0.0000                        4.3684        15.6435        -4.6052                                             
  45*  IV:CZ:JZ                                                          2         9.6857              5                        0.0002                        4.0988        14.0608        -6.1879                                             
  44*  IV:AgZ:CZ                                                         2         9.6865              4                        0.0000                        4.0187        15.5905        -0.6084                                             
  43*  IV:EdZ:AgZ                                                        2         9.6887              4                        0.0002                        3.7986        14.2986        -1.9003                                             
  42   IV:BZ:CZ                                                          2         9.6903              5                        0.0007                        3.6397        11.3660        -8.8827                                             
  41*  IV:EdZ:LZ                                                         2         9.6904              4                        0.0003                        3.6274        13.2939        -2.9050                                             
  40   IV:EdZ:AZ                                                         2         9.6910              4                        0.0003                        3.5665        12.9362        -3.2628                                             
  39   IV:CZ:LZ                                                          2         9.6913              4                        0.0003                        3.5375        12.7662        -3.4327                                             
  38   IV:CZ:NZ                                                          2         9.6914              5                        0.0009                        3.5270        10.7044        -9.5443                                             
  37   IV:EdZ:BZ                                                         2         9.6918              5                        0.0010                        3.4900        10.4870        -9.7617                                             
  36   IV:EdZ:EZ                                                         2         9.6927              4                        0.0005                        3.3991        11.9538        -4.2452                                             
  35   IV:CZ:EZ                                                          2         9.6928              4                        0.0005                        3.3822        11.8545        -4.3444                                             
  34   IV:EdZ:DZ                                                         2         9.6935              4                        0.0006                        3.3158        11.4645        -4.7344                                             
  33   IV:EdZ:NZ                                                         2         9.6939              5                        0.0018                        3.2713         9.2036       -11.0451                                             
  32   IV:AZ:CZ                                                          2         9.6940              4                        0.0007                        3.2621        11.1493        -5.0496                                             
  31   IV:CZ:FZ                                                          2         9.6955              4                        0.0011                        3.1195        10.3125        -5.8865                                             
  30   IV:CZ:DZ                                                          2         9.6958              4                        0.0012                        3.0832        10.0991        -6.0998                                             
  29   IV:SxZ:CZ                                                         2         9.6965              3                        0.0005                        3.0171        11.7114        -0.4378                                             
  28   IV:SxZ:EdZ                                                        2         9.6972              3                        0.0006                        2.9506        11.3210        -0.8282                                             
  27   IV:CZ:GZ                                                          2         9.6974              4                        0.0018                        2.9237         9.1631        -7.0359                                             
  26   IV:CZ:PZ                                                          2         9.6975              5                        0.0043                        2.9193         7.1371       -13.1115                                             
  25   IV:CZ:MZ                                                          2         9.6980              4                        0.0021                        2.8690         8.8415        -7.3574                                             
  24   IV:EdZ:PZ                                                         2         9.6981              5                        0.0050                        2.8592         6.7844       -13.4643                                             
  23   IV:CZ:HZ                                                          2         9.6984              4                        0.0024                        2.8221         8.5667        -7.6323                                             
  22   IV:EdZ:FZ                                                         2         9.6988              4                        0.0026                        2.7856         8.3522        -7.8467                                             
  21   IV:EdZ:GZ                                                         2         9.6988              4                        0.0026                        2.7808         8.3242        -7.8747                                             
  20   IV:EdZ:MZ                                                         2         9.6990              4                        0.0028                        2.7622         8.2147        -7.9842                                             
  19   IV:EdZ:HZ                                                         2         9.6992              4                        0.0029                        2.7459         8.1192        -8.0797                                             
  18*  IV:CZ                                                             1         9.6998              2                        0.0004                        2.6870        11.7735         3.6740                                             
  17*  IV:EdZ                                                            1         9.7009              2                        0.0005                        2.5784        11.1356         3.0361                                             
  16*  IV:KZ                                                             1         9.7010              3                        0.0018                        2.5696         9.0841        -3.0651                                             
  15*  IV:JZ                                                             1         9.7111              3                        0.0276                        1.5511         3.1052        -9.0440                                             
  14*  IV:AgZ                                                            1         9.7144              2                        0.0272                        1.2280         3.2089        -4.8906                                             
  13*  IV:LZ                                                             1         9.7163              2                        0.0488                        1.0286         2.0382        -6.0613                                             
  12   IV:BZ                                                             1         9.7169              3                        0.1235                        0.9769        -0.2652       -12.4144                                             
  11   IV:NZ                                                             1         9.7180              3                        0.1632                        0.8678        -0.9055       -13.0547                                             
  10   IV:EZ                                                             1         9.7184              2                        0.0886                        0.8258         0.8474        -7.2521                                             
   9   IV:DZ                                                             1         9.7188              2                        0.0997                        0.7856         0.6115        -7.4880                                             
   8   IV:AZ                                                             1         9.7197              2                        0.1306                        0.6936         0.0717        -8.0278                                             
   7   IV:FZ                                                             1         9.7232              2                        0.3611                        0.3470        -1.9630       -10.0624                                             
   6   IV:SxZ                                                            1         9.7236              1                        0.1861                        0.2981        -0.2499        -4.2996                                             
   5   IV:GZ                                                             1         9.7242              2                        0.4857                        0.2461        -2.5555       -10.6550                                             
   4   IV:PZ                                                             1         9.7244              3                        0.7269                        0.2259        -4.6740       -16.8232                                             
   3   IV:MZ                                                             1         9.7248              2                        0.5928                        0.1782        -2.9542       -11.0537                                             
   2   IV:HZ                                                             1         9.7250              2                        0.6187                        0.1636        -3.0396       -11.1391                                             
   1*  IV:Z                                                              0         9.7266              0                        1.0000                        0.0000         0.0000         0.0000                                             
  ID   MODEL                              ID          Model          Level              H            dDF            dLR          Alpha            Inf        %dH(DV)           dAIC           dBIC      Inc.Alpha          Prog.       %C(Data)


Best Model(s) by dBIC:
 115*  IV:ApZ:EdZ:CZ                                                     3         9.5908              5                        0.0000                       13.6003        69.8373        49.5886                                             
Best Model(s) by dAIC:
 337   IV:ApZ:EdCZ:EdKZ:LZ                                               7         9.5221             20                        0.0000                       20.4766        80.2026        -0.7921                                             
Best Model(s) by Information, with all Inc. Alpha < 0.05:
 271*  IV:ApZ:EdJZ:CZ:KZ                                                 6         9.5397             17                        0.0000                       18.7199        75.8905         7.0450                                             



Best Model(s) by Information with all Inc. Alpha < 0.05:
IV:ApZ:EdJZ:CZ:KZ     Info=0.1872  dAIC=75.89  dBIC=7.05  IncAlpha=0.0420
