  ID   MODEL                ID          Model          Level              H            dDF            dLR          Alpha            Inf        %dH(DV)           dAIC           dBIC
  69   IV:ApBZ                                                       9.6269              7                        0.0000                                     -44.5974       -16.2492
  68   IV:ApNZ                                                       9.6292              7                        0.0000                                     -43.2525       -14.9044
  67   IV:ApPZ                                                       9.6365              7                        0.0000                                     -38.9655       -10.6173
  66   IV:ApZ                                                        9.6396              1                        0.0000                                     -49.1652       -45.1155
  65   IV:KNZ                                                        9.6696             15                        0.0039                                      -3.5242        57.2218
  64   IV:BCZ                                                        9.6732             11                        0.0009                                      -9.4202        35.1269
  63   IV:JNZ                                                        9.6771             15                        0.0156                                       0.8927        61.6387
  62   IV:BKZ                                                        9.6805             15                        0.0279                                       2.8975        63.6435
  61   IV:EdBZ                                                       9.6817             11                        0.0056                                      -4.4158        40.1313
  60   IV:CNZ                                                        9.6838             11                        0.0087                                      -3.1537        41.3934
  59   IV:KPZ                                                        9.6852             15                        0.0593                                       5.6503        66.3963
  58   IV:AgPZ                                                       9.6877             11                        0.0184                                      -0.8776        43.6695
  57   IV:EdNZ                                                       9.6877             11                        0.0184                                      -0.8756        43.6715
  56   IV:BJZ                                                        9.6889             15                        0.1032                                       7.8338        68.5798
  55   IV:AgBZ                                                       9.6891             11                        0.0240                                      -0.0501        44.4969
  54   IV:CPZ                                                        9.6896             11                        0.0264                                       0.2542        44.8013
  53   IV:BFZ                                                        9.6903             11                        0.0297                                       0.6274        45.1745
  52   IV:AgNZ                                                       9.6905             11                        0.0311                                       0.7740        45.3210
  51   IV:EdPZ                                                       9.6906             11                        0.0319                                       0.8508        45.3979
  49   IV:BNZ                                                        9.6942             15                        0.2107                                      10.9464        71.6924
  49   IV:BNZ                                                        9.6942             15                        0.2107                                      10.9464        71.6924
  48   IV:ABZ                                                        9.6942             11                        0.0604                                       2.9724        47.5195
  47   IV:BDZ                                                        9.6980             11                        0.1136                                       5.2057        49.7528
  46   IV:BLZ                                                        9.6998             11                        0.1487                                       6.2150        50.7621
  45   IV:CZ                                                         9.6998              2                        0.0004                                     -11.7735        -3.6740
  44   IV:EdZ                                                        9.7009              2                        0.0005                                     -11.1356        -3.0361
  43   IV:KZ                                                         9.7010              3                        0.0018                                      -9.0841         3.0651
  42   IV:GPZ                                                        9.7015             11                        0.1917                                       7.2128        51.7598
  41   IV:JPZ                                                        9.7017             15                        0.4778                                      15.3592        76.1052
  40   IV:BEZ                                                        9.7019             11                        0.2057                                       7.4982        52.0453
  38   IV:NPZ                                                        9.7020             15                        0.4917                                      15.5458        76.2918
  38   IV:NPZ                                                        9.7020             15                        0.4917                                      15.5458        76.2918
  37   IV:MNZ                                                        9.7023             11                        0.2159                                       7.6966        52.2437
  35   IV:BPZ                                                        9.7029             15                        0.5309                                      16.0644        76.8104
  35   IV:BPZ                                                        9.7029             15                        0.5309                                      16.0644        76.8104
  34   IV:ENZ                                                        9.7030             11                        0.2374                                       8.0913        52.6384
  33   IV:LNZ                                                        9.7036             11                        0.2602                                       8.4823        53.0294
  32   IV:DNZ                                                        9.7041             11                        0.2768                                       8.7517        53.2988
  31   IV:FPZ                                                        9.7062             11                        0.3634                                      10.0008        54.5479
  30   IV:LPZ                                                        9.7062             11                        0.3636                                      10.0036        54.5507
  29   IV:BMZ                                                        9.7066             11                        0.3802                                      10.2196        54.7666
  28   IV:BGZ                                                        9.7070             11                        0.4000                                      10.4716        55.0186
  27   IV:EPZ                                                        9.7087             11                        0.4854                                      11.4883        56.0354
  26   IV:APZ                                                        9.7089             11                        0.4941                                      11.5871        56.1342
  25   IV:GNZ                                                        9.7094             11                        0.5182                                      11.8568        56.4039
  24   IV:ANZ                                                        9.7097             11                        0.5369                                      12.0638        56.6109
  23   IV:DPZ                                                        9.7105             11                        0.5799                                      12.5341        57.0812
  22   IV:BHZ                                                        9.7106             11                        0.5833                                      12.5707        57.1178
  21   IV:SxNZ                                                       9.7111              7                        0.2437                                       4.8863        33.2344
  20   IV:JZ                                                         9.7111              3                        0.0276                                      -3.1052         9.0440
  19   IV:SxBZ                                                       9.7122              7                        0.2912                                       5.5163        33.8644
  18   IV:FNZ                                                        9.7126             11                        0.6910                                      13.7392        58.2863
  17   IV:HPZ                                                        9.7128             11                        0.7060                                      13.9040        58.4511
  16   IV:HNZ                                                        9.7141             11                        0.7683                                      14.6150        59.1621
  15   IV:AgZ                                                        9.7144              2                        0.0272                                      -3.2089         4.8906
  14   IV:SxPZ                                                       9.7161              7                        0.5221                                       7.8380        36.1862
  13   IV:LZ                                                         9.7163              2                        0.0488                                      -2.0382         6.0613
  12   IV:MPZ                                                        9.7164             11                        0.8722                                      15.9758        60.5229
  11   IV:BZ                                                         9.7169              3                        0.1235                                       0.2652        12.4144
  10   IV:NZ                                                         9.7180              3                        0.1632                                       0.9055        13.0547
   9   IV:EZ                                                         9.7184              2                        0.0886                                      -0.8474         7.2521
   8   IV:DZ                                                         9.7188              2                        0.0997                                      -0.6115         7.4880
   7   IV:AZ                                                         9.7197              2                        0.1306                                      -0.0717         8.0278
   6   IV:FZ                                                         9.7232              2                        0.3611                                       1.9630        10.0624
   5   IV:SxZ                                                        9.7236              1                        0.1861                                       0.2499         4.2996
   4   IV:GZ                                                         9.7242              2                        0.4857                                       2.5555        10.6550
   3   IV:PZ                                                         9.7244              3                        0.7269                                       4.6740        16.8232
   2   IV:MZ                                                         9.7248              2                        0.5928                                       2.9542        11.0537
   1   IV:HZ                                                         9.7250              2                        0.6187                                       3.0396        11.1391
  ID   MODEL                ID          Model          Level              H            dDF            dLR          Alpha            Inf        %dH(DV)           dAIC           dBIC


Best Model(s) by dBIC:
  66   IV:ApZ                                                        9.6396              1                        0.0000                                     -49.1652       -45.1155
Best Model(s) by dAIC:
  66   IV:ApZ                                                        9.6396              1                        0.0000                                     -49.1652       -45.1155


