OCCAM version 3.4.0
================================================================================

Option settings:
Search direction up
Search width     3
Search levels    7
Search type      loopless-up

State Space Size      1.451188e+09
Sample Size           424.000000

Searching level:
1 : 18 new models, 3 kept, 19 total models
2 : 48 new models, 3 kept, 67 total models
3 : 45 new models, 3 kept, 112 total models
4 : 42 new models, 3 kept, 154 total models
5 : 40 new models, 3 kept, 194 total models
6 : 37 new models, 3 kept, 231 total models
7 : 33 new models, 3 kept, 264 total models

   ID                    MODEL                                          Level              H            dDF            dLR          Alpha            Inf        %dH(DV)           dAIC           dBIC
 264   IV:ApSxACEHKZ                                                     7         8.9887           1295                        1.0000                                   -2155.2598     -7399.6646
 263   IV:ApSxACEHJZ                                                     7         8.9999           1295                        1.0000                                   -2161.8416     -7406.2464
 262   IV:ApSxAgACEMZ                                                    7         9.0080            971                        1.0000                                   -1518.6232     -5450.9144
 261   IV:ApSxACEHMZ                                                     7         9.0101            971                        1.0000                                   -1519.8439     -5452.1351
 260   IV:ApSxACEKMZ                                                     7         9.0152           1295                        1.0000                                   -2170.8092     -7415.2140
 259   IV:ApSxAgACEKZ                                                    7         9.0202           1295                        1.0000                                   -2173.7782     -7418.1830
 258   IV:ApSxAgACEHZ                                                    7         9.0206            971                        1.0000                                   -1526.0105     -5458.3017
 257   IV:ApSxAgACEJZ                                                    7         9.0264           1295                        1.0000                                   -2177.4367     -7421.8415
 256   IV:ApSxACEGMZ                                                     7         9.0316            971                        1.0000                                   -1532.4861     -5464.7773
 255   IV:ApSxAgACELZ                                                    7         9.0367            971                        1.0000                                   -1535.4552     -5467.7464
 254   IV:ApSxACEHLZ                                                     7         9.0383            971                        1.0000                                   -1536.3895     -5468.6806
 253   IV:ApSxACEJMZ                                                     7         9.0387           1295                        1.0000                                   -2184.6721     -7429.0769
 252   IV:ApSxACEFHZ                                                     7         9.0393            971                        1.0000                                   -1536.9848     -5469.2760
 251   IV:ApSxEdACEMZ                                                    7         9.0424            971                        1.0000                                   -1538.8494     -5471.1405
 250   IV:ApSxEdAgACEZ                                                   7         9.0442            971                        1.0000                                   -1539.8956     -5472.1868
 249   IV:ApSxACEMPZ                                                     7         9.0463           1295                        1.0000                                   -2189.1388     -7433.5436
 248   IV:ApSxACEFMZ                                                     7         9.0508            971                        1.0000                                   -1543.7729     -5476.0641
 247   IV:ApSxAgACEFZ                                                    7         9.0509            971                        1.0000                                   -1543.8272     -5476.1183
 246   IV:ApSxABCEMZ                                                     7         9.0511           1295                        1.0000                                   -2191.9336     -7436.3384
 245   IV:ApSxACEHPZ                                                     7         9.0532           1295                        1.0000                                   -2193.1901     -7437.5950
 244   IV:ApSxACELMZ                                                     7         9.0567            971                        1.0000                                   -1547.2029     -5479.4941
 243   IV:ApSxAgACEGZ                                                    7         9.0641            971                        1.0000                                   -1551.5816     -5483.8728
 242   IV:ApSxAgACEPZ                                                    7         9.0663           1295                        1.0000                                   -2200.8827     -7445.2876
 241   IV:ApSxABCEHZ                                                     7         9.0913           1295                        1.0000                                   -2215.5635     -7459.9683
 240   IV:ApSxACDEMZ                                                     7         9.0960            971                        1.0000                                   -1570.3227     -5502.6139
 239   IV:ApSxACEGHZ                                                     7         9.0976            971                        1.0000                                   -1571.2666     -5503.5578
 238   IV:ApSxAgABCEZ                                                    7         9.1078           1295                        1.0000                                   -2225.2627     -7469.6675
 237   IV:ApSxAgACDEZ                                                    7         9.1111            971                        1.0000                                   -1579.2172     -5511.5084
 236   IV:ApSxEdACEHZ                                                    7         9.1112            971                        1.0000                                   -1579.2434     -5511.5346
 235   IV:ApSxACDEHZ                                                     7         9.1152            971                        1.0000                                   -1581.6095     -5513.9007
 234   IV:ApSxACEMNZ                                                     7         9.1207           1295                        1.0000                                   -2232.8294     -7477.2343
 233   IV:ApSxACEHNZ                                                     7         9.1242           1295                        1.0000                                   -2234.9077     -7479.3125
 232   IV:ApSxAgACENZ                                                    7         9.1549           1295                        1.0000                                   -2252.9566     -7497.3614
 231   IV:ApSxACEKZ                                                      6         9.1627            431                        0.9999                                    -529.5135     -2274.9487
 230   IV:ApSxACEJZ                                                      6         9.1909            431                        1.0000                                    -546.1139     -2291.5491
 229   IV:ApSxAgAEKZ                                                     6         9.1958            431                        1.0000                                    -548.9942     -2294.4293
 228   IV:ApSxACEMZ                                                      6         9.1977            323                        0.6759                                    -334.1018     -1642.1657
 227   IV:ApSxAgACEZ                                                     6         9.2090            323                        0.7663                                    -340.7557     -1648.8196
 226   IV:ApSxACEHZ                                                      6         9.2102            323                        0.7751                                    -341.4637     -1649.5276
 225   IV:ApSxAgAEJZ                                                     6         9.2108            431                        1.0000                                    -557.8288     -2303.2639
 224   IV:ApSxAgADEZ                                                     6         9.2110            323                        0.7809                                    -341.9410     -1650.0049
 223   IV:ApSxACFHZ                                                      6         9.2163            323                        0.8169                                    -345.0547     -1653.1186
 222   IV:ApSxACHJZ                                                      6         9.2202            431                        1.0000                                    -563.3546     -2308.7898
 221   IV:ApSxACHKZ                                                      6         9.2215            431                        1.0000                                    -564.0722     -2309.5073
 220   IV:ApSxAgAELZ                                                     6         9.2235            323                        0.8593                                    -349.2502     -1657.3141
 219   IV:ApSxAgACHZ                                                     6         9.2274            323                        0.8798                                    -351.5673     -1659.6312
 218   IV:ApSxAgAEHZ                                                     6         9.2285            323                        0.8849                                    -352.1885     -1660.2524
 217   IV:ApSxAgAEMZ                                                     6         9.2401            323                        0.9319                                    -359.0482     -1667.1121
 216   IV:ApSxACHMZ                                                      6         9.2404            323                        0.9327                                    -359.1938     -1667.2577
 215   IV:ApSxACEFZ                                                      6         9.2405            323                        0.9330                                    -359.2446     -1667.3085
 214   IV:ApSxAgAEPZ                                                     6         9.2452            431                        1.0000                                    -578.0396     -2323.4748
 213   IV:ApSxEdACHZ                                                     6         9.2516            323                        0.9624                                    -365.7835     -1673.8474
 212   IV:ApSxACEPZ                                                      6         9.2517            431                        1.0000                                    -581.8284     -2327.2635
 211   IV:ApSxEdAgAEZ                                                    6         9.2521            323                        0.9634                                    -366.0679     -1674.1318
 210   IV:ApSxAgAEGZ                                                     6         9.2532            323                        0.9656                                    -366.7062     -1674.7701
 209   IV:ApSxACHPZ                                                      6         9.2567            431                        1.0000                                    -584.8071     -2330.2422
 208   IV:ApSxAgAEFZ                                                     6         9.2569            323                        0.9723                                    -368.8958     -1676.9597
 207   IV:ApSxACHLZ                                                      6         9.2602            323                        0.9773                                    -370.8260     -1678.8900
 206   IV:ApSxACELZ                                                      6         9.2615            323                        0.9791                                    -371.6283     -1679.6923
 205   IV:ApSxACGHZ                                                      6         9.2659            323                        0.9842                                    -374.1719     -1682.2358
 204   IV:ApSxACEGZ                                                      6         9.2683            323                        0.9866                                    -375.5954     -1683.6593
 203   IV:ApSxEdACEZ                                                     6         9.2763            323                        0.9924                                    -380.2781     -1688.3420
 202   IV:ApSxAgABEZ                                                     6         9.2850            431                        1.0000                                    -601.4263     -2346.8614
 201   IV:ApSxACDEZ                                                      6         9.2860            323                        0.9964                                    -385.9863     -1694.0502
 200   IV:ApSxABCEZ                                                      6         9.2873            431                        1.0000                                    -602.7454     -2348.1805
 199   IV:ApSxABCHZ                                                      6         9.2909            431                        1.0000                                    -604.8692     -2350.3043
 198   IV:ApSxAgAENZ                                                     6         9.3092            431                        1.0000                                    -615.6699     -2361.1050
 197   IV:ApSxACENZ                                                      6         9.3117            431                        1.0000                                    -617.0854     -2362.5205
 196   IV:ApSxACDHZ                                                      6         9.3176            323                        0.9999                                    -404.5710     -1712.6349
 195   IV:ApSxACHNZ                                                      6         9.3282            431                        1.0000                                    -626.8026     -2372.2378
 194   IV:ApSxAEKZ                                                       5         9.3467            143                        0.0000                                     -61.6686      -640.7805
 193   IV:ApSxACKZ                                                       5         9.3494            143                        0.0000                                     -63.2533      -642.3652
 192   IV:ApSxACJZ                                                       5         9.3629            143                        0.0000                                     -71.2142      -650.3261
 191   IV:ApSxEdCKZ                                                      5         9.3631            143                        0.0000                                     -71.3432      -650.4550
 190   IV:ApSxAEJZ                                                       5         9.3727            143                        0.0003                                     -76.9804      -656.0923
 189   IV:ApSxEdCJZ                                                      5         9.3778            143                        0.0004                                     -79.9913      -659.1032
 188   IV:ApSxACEZ                                                       5         9.3964            107                        0.0000                                     -18.8968      -452.2183
 187   IV:ApSxACHZ                                                       5         9.4049            107                        0.0000                                     -23.8702      -457.1917
 186   IV:ApSxAgAEZ                                                      5         9.4074            107                        0.0000                                     -25.3839      -458.7054
 185   IV:ApSxEdCHZ                                                      5         9.4091            107                        0.0000                                     -26.3539      -459.6754
 184   IV:ApSxADEZ                                                       5         9.4097            107                        0.0000                                     -26.6903      -460.0117
 183   IV:ApSxACMZ                                                       5         9.4097            107                        0.0000                                     -26.7114      -460.0329
 182   IV:ApSxACGZ                                                       5         9.4119            107                        0.0000                                     -28.0160      -461.3375
 181   IV:ApSxAEHZ                                                       5         9.4119            107                        0.0000                                     -28.0332      -461.3547
 180   IV:ApSxAEMZ                                                       5         9.4124            107                        0.0000                                     -28.3312      -461.6527
 179   IV:ApSxACPZ                                                       5         9.4132            143                        0.0114                                    -100.7918      -679.9037
 178   IV:ApSxACFZ                                                       5         9.4145            107                        0.0000                                     -29.5442      -462.8657
 177   IV:ApSxEdCMZ                                                      5         9.4160            107                        0.0000                                     -30.4094      -463.7309
 176   IV:ApSxEdAEZ                                                      5         9.4221            107                        0.0000                                     -33.9799      -467.3014
 175   IV:ApSxEdACZ                                                      5         9.4224            107                        0.0000                                     -34.1997      -467.5212
 174   IV:ApSxAgACZ                                                      5         9.4226            107                        0.0000                                     -34.2962      -467.6176
 173   IV:ApSxABCZ                                                       5         9.4239            143                        0.0253                                    -107.0878      -686.1997
 172   IV:ApSxEdBCZ                                                      5         9.4272            143                        0.0317                                    -108.9975      -688.1094
 171   IV:ApSxAEPZ                                                       5         9.4279            143                        0.0333                                    -109.4381      -688.5500
 170   IV:ApSxACLZ                                                       5         9.4309            107                        0.0000                                     -39.1983      -472.5197
 169   IV:ApSxAEFZ                                                       5         9.4323            107                        0.0000                                     -40.0243      -473.3458
 168   IV:ApSxEdAgCZ                                                     5         9.4348            107                        0.0000                                     -41.4573      -474.7788
 167   IV:ApSxEdCLZ                                                      5         9.4376            107                        0.0000                                     -43.1076      -476.4291
 166   IV:ApSxACDZ                                                       5         9.4400            107                        0.0001                                     -44.5514      -477.8729
 165   IV:ApSxAEGZ                                                       5         9.4408            107                        0.0001                                     -45.0089      -478.3304
 164   IV:ApSxAELZ                                                       5         9.4417            107                        0.0001                                     -45.5269      -478.8483
 163   IV:ApSxEdCEZ                                                      5         9.4419            107                        0.0001                                     -45.6332      -478.9547
 162   IV:ApSxEdCDZ                                                      5         9.4455            107                        0.0002                                     -47.7617      -481.0832
 161   IV:ApSxEdCPZ                                                      5         9.4490            143                        0.1189                                    -121.8181      -700.9299
 160   IV:ApSxAENZ                                                       5         9.4517            143                        0.1372                                    -123.4252      -702.5371
 159   IV:ApSxABEZ                                                       5         9.4529            143                        0.1452                                    -124.0822      -703.1941
 158   IV:ApSxACNZ                                                       5         9.4574            143                        0.1812                                    -126.7539      -705.8658
 157   IV:ApSxEdCFZ                                                      5         9.4651            107                        0.0020                                     -59.3062      -492.6277
 156   IV:ApSxEdCGZ                                                      5         9.4660            107                        0.0022                                     -59.8382      -493.1597
 155   IV:ApSxEdCNZ                                                      5         9.4717            143                        0.3311                                    -135.1778      -714.2897
 154   IV:ApSxAKZ                                                        4         9.4960             47                        0.0000                                      42.5569      -147.7806
 153   IV:ApSxEdKZ                                                       4         9.4993             47                        0.0000                                      40.6365      -149.7010
 152   IV:ApSxAJZ                                                        4         9.5105             47                        0.0000                                      34.0153      -156.3222
 151   IV:ApSxCKZ                                                        4         9.5113             47                        0.0000                                      33.5459      -156.7915
 150   IV:ApSxEdJZ                                                       4         9.5115             47                        0.0000                                      33.4292      -156.9083
 149   IV:ApSxAEZ                                                        4         9.5128             35                        0.0000                                      56.7072       -85.0334
 148   IV:ApSxACZ                                                        4         9.5198             35                        0.0000                                      52.5522       -89.1885
 147   IV:ApSxCJZ                                                        4         9.5244             47                        0.0000                                      25.8772      -164.4603
 146   IV:ApSxEdCZ                                                       4         9.5271             35                        0.0000                                      48.2800       -93.4607
 145   IV:ApSxEdDZ                                                       4         9.5283             35                        0.0000                                      47.5792       -94.1615
 144   IV:ApSxCMZ                                                        4         9.5322             35                        0.0000                                      45.2605       -96.4801
 143   IV:ApSxEdLZ                                                       4         9.5366             35                        0.0000                                      42.6796       -99.0611
 142   IV:ApSxAFZ                                                        4         9.5379             35                        0.0000                                      41.9203       -99.8203
 141   IV:ApSxAMZ                                                        4         9.5391             35                        0.0000                                      41.2428      -100.4979
 140   IV:ApSxEdAgZ                                                      4         9.5400             35                        0.0000                                      40.6662      -101.0744
 139   IV:ApSxEdAZ                                                       4         9.5407             35                        0.0000                                      40.2918      -101.4489
 138   IV:ApSxCDZ                                                        4         9.5408             35                        0.0000                                      40.2339      -101.5068
 137   IV:ApSxADZ                                                        4         9.5410             35                        0.0000                                      40.0977      -101.6429
 136   IV:ApSxBCZ                                                        4         9.5415             47                        0.0000                                      15.7915      -174.5459
 135   IV:ApSxEdHZ                                                       4         9.5423             35                        0.0000                                      39.3539      -102.3868
 134   IV:ApSxAgAZ                                                       4         9.5431             35                        0.0000                                      38.8826      -102.8581
 133   IV:ApSxAHZ                                                        4         9.5438             35                        0.0000                                      38.4634      -103.2773
 132   IV:ApSxEdPZ                                                       4         9.5445             47                        0.0000                                      14.0325      -176.3049
 131   IV:ApSxAPZ                                                        4         9.5446             47                        0.0000                                      14.0003      -176.3372
 130   IV:ApSxAGZ                                                        4         9.5450             35                        0.0000                                      37.7337      -104.0070
 129   IV:ApSxEdMZ                                                       4         9.5456             35                        0.0000                                      37.3984      -104.3422
 128   IV:ApSxCPZ                                                        4         9.5457             47                        0.0000                                      13.3647      -176.9728
 127   IV:ApSxABZ                                                        4         9.5457             47                        0.0000                                      13.3613      -176.9762
 126   IV:ApSxCLZ                                                        4         9.5466             35                        0.0000                                      36.8234      -104.9172
 125   IV:ApSxEdEZ                                                       4         9.5468             35                        0.0000                                      36.7012      -105.0394
 124   IV:ApSxEdBZ                                                       4         9.5507             47                        0.0000                                      10.4114      -179.9261
 123   IV:ApSxCNZ                                                        4         9.5508             47                        0.0000                                      10.3221      -180.0154
 122   IV:ApSxALZ                                                        4         9.5512             35                        0.0000                                      34.1150      -107.6256
 121   IV:ApSxANZ                                                        4         9.5518             47                        0.0000                                       9.7503      -180.5872
 120   IV:ApSxCFZ                                                        4         9.5533             35                        0.0000                                      32.8530      -108.8876
 119   IV:ApSxCEZ                                                        4         9.5558             35                        0.0000                                      31.4341      -110.3066
 118   IV:ApSxCHZ                                                        4         9.5573             35                        0.0000                                      30.5255      -111.2152
 117   IV:ApEdKZ                                                         3         9.5579             23                        0.0000                                      54.1733       -38.9705
 116   IV:ApSxEdNZ                                                       4         9.5584             47                        0.0000                                       5.8596      -184.4778
 115   IV:ApSxAgCZ                                                       4         9.5603             35                        0.0000                                      28.7779      -112.9628
 114   IV:ApSxEdFZ                                                       4         9.5604             35                        0.0000                                      28.6806      -113.0600
 113   IV:ApEdJZ                                                         3         9.5663             23                        0.0000                                      49.2285       -43.9154
 112   IV:ApSxEdGZ                                                       4         9.5668             35                        0.0000                                      24.9161      -116.8246
 111   IV:ApSxCGZ                                                        4         9.5674             35                        0.0000                                      24.5970      -117.1436
 110   IV:ApACZ                                                          3         9.5680             17                        0.0000                                      60.2161        -8.6294
 109   IV:ApCKZ                                                          3         9.5683             23                        0.0000                                      48.0366       -45.1073
 108   IV:ApEdCZ                                                         3         9.5713             17                        0.0000                                      58.2970       -10.5485
 107   IV:ApEdAgZ                                                        3         9.5752             17                        0.0000                                      56.0119       -12.8336
 106   IV:ApEdLZ                                                         3         9.5770             17                        0.0000                                      54.9245       -13.9210
 105   IV:ApEdDZ                                                         3         9.5775             17                        0.0000                                      54.6221       -14.2233
 104   IV:ApCJZ                                                          3         9.5778             23                        0.0000                                      42.4676       -50.6762
 103   IV:ApEdHZ                                                         3         9.5804             17                        0.0000                                      52.9643       -15.8812
 102   IV:ApEdAZ                                                         3         9.5806             17                        0.0000                                      52.8231       -16.0224
 101   IV:ApEdMZ                                                         3         9.5834             17                        0.0000                                      51.1678       -17.6777
 100   IV:ApBCZ                                                          3         9.5835             23                        0.0000                                      39.1196       -54.0242
  99   IV:ApEdBZ                                                         3         9.5838             23                        0.0000                                      38.9715       -54.1724
  98   IV:ApCNZ                                                          3         9.5847             23                        0.0000                                      38.4381       -54.7057
  97   IV:ApEdEZ                                                         3         9.5851             17                        0.0000                                      50.1779       -18.6676
  96   IV:ApCDZ                                                          3         9.5852             17                        0.0000                                      50.1171       -18.7284
  95   IV:ApSxAZ                                                         3         9.5877             11                        0.0000                                      60.6367        16.0897
  94   IV:ApSxEdZ                                                        3         9.5882             11                        0.0000                                      60.3487        15.8016
  93   IV:ApCLZ                                                          3         9.5895             17                        0.0000                                      47.6113       -21.2342
  92   IV:ApCEZ                                                          3         9.5897             17                        0.0000                                      47.4668       -21.3787
  91   IV:ApAgCZ                                                         3         9.5901             17                        0.0000                                      47.2296       -21.6159
  90   IV:ApSxKZ                                                         3         9.5907             15                        0.0000                                      50.8648        -9.8812
  89   IV:ApCMZ                                                          3         9.5910             17                        0.0000                                      46.7443       -22.1012
  88   IV:ApEdNZ                                                         3         9.5913             23                        0.0000                                      34.5644       -58.5794
  87   IV:ApSxCZ                                                         3         9.5931             11                        0.0000                                      57.4561        12.9090
  86   IV:ApCFZ                                                          3         9.5944             17                        0.0000                                      44.7106       -24.1349
  85   IV:ApEdPZ                                                         3         9.5947             23                        0.0000                                      32.5216       -60.6223
  84   IV:ApCPZ                                                          3         9.5967             23                        0.0000                                      31.3684       -61.7754
  83   IV:ApEdFZ                                                         3         9.5981             17                        0.0000                                      42.5313       -26.3142
  82   IV:ApCHZ                                                          3         9.5982             17                        0.0000                                      42.4916       -26.3539
  81   IV:ApEdGZ                                                         3         9.5990             17                        0.0000                                      42.0310       -26.8145
  80   IV:ApCGZ                                                          3         9.6005             17                        0.0000                                      41.1244       -27.7211
  79   IV:ApSxJZ                                                         3         9.6041             15                        0.0000                                      43.0204       -17.7256
  78   IV:ApSxNZ                                                         3         9.6041             15                        0.0000                                      43.0064       -17.7396
  77   IV:ApSxDZ                                                         3         9.6050             11                        0.0000                                      50.4618         5.9148
  76   IV:ApSxEZ                                                         3         9.6082             11                        0.0000                                      48.6353         4.0883
  75   IV:ApSxAgZ                                                        3         9.6092             11                        0.0000                                      47.9942         3.4472
  74   IV:ApEdZ                                                          2         9.6093              5                        0.0000                                      59.9328        39.6841
  73   IV:ApKZ                                                           2         9.6095              7                        0.0000                                      55.8288        27.4806
  72   IV:ApSxPZ                                                         3         9.6107             15                        0.0000                                      39.1592       -21.5868
  71   IV:ApSxMZ                                                         3         9.6124             11                        0.0000                                      46.1623         1.6153
  70   IV:ApCZ                                                           2         9.6125              5                        0.0000                                      58.0996        37.8510
  69   IV:ApSxBZ                                                         3         9.6128             15                        0.0000                                      37.8895       -22.8565
  68   IV:ApSxLZ                                                         3         9.6147             11                        0.0000                                      44.7602         0.2131
  67   IV:ApSxFZ                                                         3         9.6150             11                        0.0000                                      44.5907         0.0436
  66   IV:ApAZ                                                           2         9.6180              5                        0.0000                                      54.8411        34.5924
  65   IV:ApSxHZ                                                         3         9.6182             11                        0.0000                                      42.7200        -1.8271
  64   IV:ApJZ                                                           2         9.6199              7                        0.0000                                      49.7518        21.4037
  63   IV:ApAgZ                                                          2         9.6228              5                        0.0000                                      52.0428        31.7941
  62   IV:ApSxGZ                                                         3         9.6250             11                        0.0000                                      38.7402        -5.8069
  61   IV:ApEZ                                                           2         9.6267              5                        0.0000                                      49.7363        29.4877
  60   IV:ApBZ                                                           2         9.6269              7                        0.0000                                      45.5974        17.2492
  59   IV:ApDZ                                                           2         9.6271              5                        0.0000                                      49.5098        29.2612
  58   IV:ApNZ                                                           2         9.6292              7                        0.0000                                      44.2525        15.9044
  57   IV:ApLZ                                                           2         9.6293              5                        0.0000                                      48.2127        27.9641
  56   IV:ApSxZ                                                          2         9.6295              3                        0.0000                                      52.0731        39.9239
  55   IV:ApFZ                                                           2         9.6313              5                        0.0000                                      47.0550        26.8063
  54   IV:ApHZ                                                           2         9.6326              5                        0.0000                                      46.2741        26.0254
  53   IV:ApMZ                                                           2         9.6341              5                        0.0000                                      45.4011        25.1524
  52   IV:ApPZ                                                           2         9.6365              7                        0.0000                                      39.9655        11.6173
  51   IV:ApGZ                                                           2         9.6374              5                        0.0000                                      43.4580        23.2094
  50   IV:ApZ                                                            1         9.6396              1                        0.0000                                      50.1652        46.1155
  49   IV:EdKZ                                                           2         9.6554             11                        0.0000                                      20.8745       -23.6725
  48   IV:EdJZ                                                           2         9.6653             11                        0.0001                                      15.0222       -29.5249
  47   IV:BCZ                                                            2         9.6732             11                        0.0009                                      10.4202       -34.1269
  46   IV:EdCZ                                                           2         9.6737              8                        0.0001                                      16.1322       -16.2657
  45   IV:CKZ                                                            2         9.6742             11                        0.0011                                       9.8004       -34.7467
  44   IV:EdLZ                                                           2         9.6747              8                        0.0002                                      15.5032       -16.8947
  43   IV:EdAgZ                                                          2         9.6816              8                        0.0008                                      11.4416       -20.9562
  42   IV:EdBZ                                                           2         9.6817             11                        0.0056                                       5.4158       -39.1313
  41   IV:CMZ                                                            2         9.6831              8                        0.0012                                      10.5594       -21.8385
  40   IV:EdMZ                                                           2         9.6834              8                        0.0013                                      10.3855       -22.0124
  39   IV:CNZ                                                            2         9.6838             11                        0.0087                                       4.1537       -40.3934
  38   IV:CJZ                                                            2         9.6839             11                        0.0088                                       4.1180       -40.4291
  37   IV:AgCZ                                                           2         9.6847              8                        0.0017                                       9.6627       -22.7351
  36   IV:CLZ                                                            2         9.6857              8                        0.0022                                       9.0457       -23.3521
  35   IV:CDZ                                                            2         9.6858              8                        0.0023                                       9.0096       -23.3882
  34   IV:EdDZ                                                           2         9.6863              8                        0.0026                                       8.6792       -23.7186
  33   IV:CEZ                                                            2         9.6873              8                        0.0032                                       8.0867       -24.3111
  32   IV:EdNZ                                                           2         9.6877             11                        0.0184                                       1.8756       -42.6715
  31   IV:EdEZ                                                           2         9.6888              8                        0.0045                                       7.2036       -25.1942
  30   IV:CPZ                                                            2         9.6896             11                        0.0264                                       0.7458       -43.8013
  29   IV:CFZ                                                            2         9.6899              8                        0.0057                                       6.6064       -25.7914
  28   IV:ACZ                                                            2         9.6904              8                        0.0064                                       6.3105       -26.0874
  27   IV:EdAZ                                                           2         9.6905              8                        0.0066                                       6.2165       -26.1813
  26   IV:EdPZ                                                           2         9.6906             11                        0.0319                                       0.1492       -44.3979
  25   IV:EdFZ                                                           2         9.6915              8                        0.0082                                       5.6304       -26.7674
  24   IV:CHZ                                                            2         9.6935              8                        0.0126                                       4.4601       -27.9378
  23   IV:EdHZ                                                           2         9.6936              8                        0.0129                                       4.3961       -28.0018
  22   IV:SxCZ                                                           2         9.6939              5                        0.0018                                      10.2067       -10.0420
  21   IV:CGZ                                                            2         9.6948              8                        0.0165                                       3.7069       -28.6909
  20   IV:EdGZ                                                           2         9.6956              8                        0.0197                                       3.2165       -29.1813
  19   IV:SxEdZ                                                          2         9.6963              5                        0.0032                                       8.8265       -11.4222
  18   IV:CZ                                                             1         9.6998              2                        0.0004                                      12.7735         4.6740
  17   IV:EdZ                                                            1         9.7009              2                        0.0005                                      12.1356         4.0361
  16   IV:KZ                                                             1         9.7010              3                        0.0018                                      10.0841        -2.0651
  15   IV:JZ                                                             1         9.7111              3                        0.0276                                       4.1052        -8.0440
  14   IV:AgZ                                                            1         9.7144              2                        0.0272                                       4.2089        -3.8906
  13   IV:LZ                                                             1         9.7163              2                        0.0488                                       3.0382        -5.0613
  12   IV:BZ                                                             1         9.7169              3                        0.1235                                       0.7348       -11.4144
  11   IV:NZ                                                             1         9.7180              3                        0.1632                                       0.0945       -12.0547
  10   IV:EZ                                                             1         9.7184              2                        0.0886                                       1.8474        -6.2521
   9   IV:DZ                                                             1         9.7188              2                        0.0997                                       1.6115        -6.4880
   8   IV:AZ                                                             1         9.7197              2                        0.1306                                       1.0717        -7.0278
   7   IV:FZ                                                             1         9.7232              2                        0.3611                                      -0.9630        -9.0624
   6   IV:SxZ                                                            1         9.7236              1                        0.1861                                       0.7501        -3.2996
   5   IV:GZ                                                             1         9.7242              2                        0.4857                                      -1.5555        -9.6550
   4   IV:PZ                                                             1         9.7244              3                        0.7269                                      -3.6740       -15.8232
   3   IV:MZ                                                             1         9.7248              2                        0.5928                                      -1.9542       -10.0537
   2   IV:HZ                                                             1         9.7250              2                        0.6187                                      -2.0396       -10.1391
   1   IV:Z                                                             -1         9.7266             -1                       -1.0000                                      -1.0000        -1.0000
   ID                    MODEL                                             ID          Model          Level              H            dDF            dLR          Alpha            Inf        %dH(DV)           dAIC           dBIC


Best Model(s) by dBIC:
  50   IV:ApZ                                                      
Best Model(s) by dAIC:
  95   IV:ApSxAZ                                                   
