OCCAM version 3.4.0
================================================================================

Option settings:
Search direction up
Search width     3
Search levels    7
Search type      loopless-up

State Space Size      1.451188e+09
Sample Size           424.000000

Searching level:
1 : 18 new models, 3 kept, 19 total models
2 : 51 new models, 3 kept, 70 total models
3 : 48 new models, 3 kept, 118 total models
4 : 45 new models, 3 kept, 163 total models
5 : 42 new models, 3 kept, 205 total models
6 : 39 new models, 3 kept, 244 total models
7 : 36 new models, 3 kept, 280 total models

  ID   MODEL                     ID          Model          Level              H            dDF            dLR          Alpha            Inf        %dH(DV)           dAIC           dBIC
 278   IV:BFGJKNPZ                                              7         9.2609          -9215                        1.0000                                   18156.2820     55474.5758
 278   IV:BFGJKNPZ                                              7         9.2609          -9215                        1.0000                                   18156.2820     55474.5758
 278   IV:BFGJKNPZ                                              7         9.2609          -9215                        1.0000                                   18156.2820     55474.5758
 275   IV:AgBGJKNPZ                                             7         9.2792          -9215                        1.0000                                   18167.0366     55485.3304
 275   IV:AgBGJKNPZ                                             7         9.2792          -9215                        1.0000                                   18167.0366     55485.3304
 275   IV:AgBGJKNPZ                                             7         9.2792          -9215                        1.0000                                   18167.0366     55485.3304
 272   IV:BCGJKNPZ                                              7         9.2946          -9215                        1.0000                                   18176.0388     55494.3326
 272   IV:BCGJKNPZ                                              7         9.2946          -9215                        1.0000                                   18176.0388     55494.3326
 272   IV:BCGJKNPZ                                              7         9.2946          -9215                        1.0000                                   18176.0388     55494.3326
 269   IV:ABGJKNPZ                                              7         9.3128          -9215                        1.0000                                   18186.7375     55505.0313
 269   IV:ABGJKNPZ                                              7         9.3128          -9215                        1.0000                                   18186.7375     55505.0313
 269   IV:ABGJKNPZ                                              7         9.3128          -9215                        1.0000                                   18186.7375     55505.0313
 266   IV:BEGJKNPZ                                              7         9.3188          -9215                        1.0000                                   18190.2830     55508.5768
 266   IV:BEGJKNPZ                                              7         9.3188          -9215                        1.0000                                   18190.2830     55508.5768
 266   IV:BEGJKNPZ                                              7         9.3188          -9215                        1.0000                                   18190.2830     55508.5768
 263   IV:ApBGJKNPZ                                             7         9.3200          -6143                        1.0000                                   12047.0068     36924.5194
 263   IV:ApBGJKNPZ                                             7         9.3200          -6143                        1.0000                                   12047.0068     36924.5194
 263   IV:ApBGJKNPZ                                             7         9.3200          -6143                        1.0000                                   12047.0068     36924.5194
 260   IV:BGJKLNPZ                                              7         9.3224          -9215                        1.0000                                   18192.3891     55510.6829
 260   IV:BGJKLNPZ                                              7         9.3224          -9215                        1.0000                                   18192.3891     55510.6829
 260   IV:BGJKLNPZ                                              7         9.3224          -9215                        1.0000                                   18192.3891     55510.6829
 257   IV:BGJKMNPZ                                              7         9.3320          -9215                        1.0000                                   18198.0441     55516.3379
 257   IV:BGJKMNPZ                                              7         9.3320          -9215                        1.0000                                   18198.0441     55516.3379
 257   IV:BGJKMNPZ                                              7         9.3320          -9215                        1.0000                                   18198.0441     55516.3379
 254   IV:BDGJKNPZ                                              7         9.3352          -9215                        1.0000                                   18199.9001     55518.1939
 254   IV:BDGJKNPZ                                              7         9.3352          -9215                        1.0000                                   18199.9001     55518.1939
 254   IV:BDGJKNPZ                                              7         9.3352          -9215                        1.0000                                   18199.9001     55518.1939
 251   IV:BGHJKNPZ                                              7         9.3428          -9215                        1.0000                                   18204.4051     55522.6989
 251   IV:BGHJKNPZ                                              7         9.3428          -9215                        1.0000                                   18204.4051     55522.6989
 251   IV:BGHJKNPZ                                              7         9.3428          -9215                        1.0000                                   18204.4051     55522.6989
 248   IV:EdBGJKNPZ                                             7         9.3538          -9215                        1.0000                                   18210.8787     55529.1725
 248   IV:EdBGJKNPZ                                             7         9.3538          -9215                        1.0000                                   18210.8787     55529.1725
 248   IV:EdBGJKNPZ                                             7         9.3538          -9215                        1.0000                                   18210.8787     55529.1725
 245   IV:SxBGJKNPZ                                             7         9.3899          -6143                        1.0000                                   12088.0542     36965.5668
 245   IV:SxBGJKNPZ                                             7         9.3899          -6143                        1.0000                                   12088.0542     36965.5668
 245   IV:SxBGJKNPZ                                             7         9.3899          -6143                        1.0000                                   12088.0542     36965.5668
 242   IV:AgBJKNPZ                                              6         9.3995          -3071                        1.0000                                    5949.7117     18386.4431
 242   IV:AgBJKNPZ                                              6         9.3995          -3071                        1.0000                                    5949.7117     18386.4431
 242   IV:AgBJKNPZ                                              6         9.3995          -3071                        1.0000                                    5949.7117     18386.4431
 239   IV:BFJKNPZ                                               6         9.4102          -3071                        1.0000                                    5956.0003     18392.7318
 239   IV:BFJKNPZ                                               6         9.4102          -3071                        1.0000                                    5956.0003     18392.7318
 239   IV:BFJKNPZ                                               6         9.4102          -3071                        1.0000                                    5956.0003     18392.7318
 236   IV:ApBJKNPZ                                              6         9.4309          -2047                        1.0000                                    3920.1685     12209.9729
 236   IV:ApBJKNPZ                                              6         9.4309          -2047                        1.0000                                    3920.1685     12209.9729
 236   IV:ApBJKNPZ                                              6         9.4309          -2047                        1.0000                                    3920.1685     12209.9729
 233   IV:BHJKNPZ                                               6         9.4310          -3071                        1.0000                                    5968.2500     18404.9815
 233   IV:BHJKNPZ                                               6         9.4310          -3071                        1.0000                                    5968.2500     18404.9815
 233   IV:BHJKNPZ                                               6         9.4310          -3071                        1.0000                                    5968.2500     18404.9815
 230   IV:AgBJNPZ                                               5         9.4351           -767                        1.0000                                    1362.6192      4468.7648
 230   IV:AgBJNPZ                                               5         9.4351           -767                        1.0000                                    1362.6192      4468.7648
 230   IV:AgBJNPZ                                               5         9.4351           -767                        1.0000                                    1362.6192      4468.7648
 227   IV:BFJNPZ                                                5         9.4366           -767                        1.0000                                    1363.5421      4469.6876
 227   IV:BFJNPZ                                                5         9.4366           -767                        1.0000                                    1363.5421      4469.6876
 227   IV:BFJNPZ                                                5         9.4366           -767                        1.0000                                    1363.5421      4469.6876
 224   IV:BDJKNPZ                                               6         9.4406          -3071                        1.0000                                    5973.8596     18410.5911
 224   IV:BDJKNPZ                                               6         9.4406          -3071                        1.0000                                    5973.8596     18410.5911
 224   IV:BDJKNPZ                                               6         9.4406          -3071                        1.0000                                    5973.8596     18410.5911
 221   IV:ABJKNPZ                                               6         9.4411          -3071                        1.0000                                    5974.1563     18410.8878
 221   IV:ABJKNPZ                                               6         9.4411          -3071                        1.0000                                    5974.1563     18410.8878
 221   IV:ABJKNPZ                                               6         9.4411          -3071                        1.0000                                    5974.1563     18410.8878
 218   IV:BJKLNPZ                                               6         9.4442          -3071                        1.0000                                    5975.9675     18412.6990
 218   IV:BJKLNPZ                                               6         9.4442          -3071                        1.0000                                    5975.9675     18412.6990
 218   IV:BJKLNPZ                                               6         9.4442          -3071                        1.0000                                    5975.9675     18412.6990
 215   IV:BCJKNPZ                                               6         9.4453          -3071                        1.0000                                    5976.6430     18413.3744
 215   IV:BCJKNPZ                                               6         9.4453          -3071                        1.0000                                    5976.6430     18413.3744
 215   IV:BCJKNPZ                                               6         9.4453          -3071                        1.0000                                    5976.6430     18413.3744
 212   IV:ApBJNPZ                                               5         9.4462           -511                        1.0000                                     857.1949      2926.6087
 212   IV:ApBJNPZ                                               5         9.4462           -511                        1.0000                                     857.1949      2926.6087
 212   IV:ApBJNPZ                                               5         9.4462           -511                        1.0000                                     857.1949      2926.6087
 209   IV:BEJKNPZ                                               6         9.4493          -3071                        1.0000                                    5978.9983     18415.7298
 209   IV:BEJKNPZ                                               6         9.4493          -3071                        1.0000                                    5978.9983     18415.7298
 209   IV:BEJKNPZ                                               6         9.4493          -3071                        1.0000                                    5978.9983     18415.7298
 206   IV:BHJNPZ                                                5         9.4544           -767                        1.0000                                    1373.9986      4480.1441
 206   IV:BHJNPZ                                                5         9.4544           -767                        1.0000                                    1373.9986      4480.1441
 206   IV:BHJNPZ                                                5         9.4544           -767                        1.0000                                    1373.9986      4480.1441
 203   IV:EdBJKNPZ                                              6         9.4575          -3071                        1.0000                                    5983.7861     18420.5175
 203   IV:EdBJKNPZ                                              6         9.4575          -3071                        1.0000                                    5983.7861     18420.5175
 203   IV:EdBJKNPZ                                              6         9.4575          -3071                        1.0000                                    5983.7861     18420.5175
 200   IV:BJKMNPZ                                               6         9.4612          -3071                        1.0000                                    5985.9664     18422.6978
 200   IV:BJKMNPZ                                               6         9.4612          -3071                        1.0000                                    5985.9664     18422.6978
 200   IV:BJKMNPZ                                               6         9.4612          -3071                        1.0000                                    5985.9664     18422.6978
 197   IV:BCJNPZ                                                5         9.4636           -767                        1.0000                                    1379.4087      4485.5543
 197   IV:BCJNPZ                                                5         9.4636           -767                        1.0000                                    1379.4087      4485.5543
 197   IV:BCJNPZ                                                5         9.4636           -767                        1.0000                                    1379.4087      4485.5543
 194   IV:ABJNPZ                                                5         9.4696           -767                        1.0000                                    1382.9152      4489.0608
 194   IV:ABJNPZ                                                5         9.4696           -767                        1.0000                                    1382.9152      4489.0608
 194   IV:ABJNPZ                                                5         9.4696           -767                        1.0000                                    1382.9152      4489.0608
 191   IV:BJLNPZ                                                5         9.4696           -767                        1.0000                                    1382.9355      4489.0810
 191   IV:BJLNPZ                                                5         9.4696           -767                        1.0000                                    1382.9355      4489.0810
 191   IV:BJLNPZ                                                5         9.4696           -767                        1.0000                                    1382.9355      4489.0810
 188   IV:BGJKNPZ                                               6         9.4726          -3071                        1.0000                                    5992.7055     18429.4370
 188   IV:BGJKNPZ                                               6         9.4726          -3071                        1.0000                                    5992.7055     18429.4370
 188   IV:BGJKNPZ                                               6         9.4726          -3071                        1.0000                                    5992.7055     18429.4370
 185   IV:BEJNPZ                                                5         9.4730           -767                        1.0000                                    1384.9004      4491.0460
 185   IV:BEJNPZ                                                5         9.4730           -767                        1.0000                                    1384.9004      4491.0460
 185   IV:BEJNPZ                                                5         9.4730           -767                        1.0000                                    1384.9004      4491.0460
 182   IV:BDJNPZ                                                5         9.4756           -767                        1.0000                                    1386.4426      4492.5882
 182   IV:BDJNPZ                                                5         9.4756           -767                        1.0000                                    1386.4426      4492.5882
 182   IV:BDJNPZ                                                5         9.4756           -767                        1.0000                                    1386.4426      4492.5882
 179   IV:EdBJNPZ                                               5         9.4799           -767                        1.0000                                    1388.9940      4495.1396
 179   IV:EdBJNPZ                                               5         9.4799           -767                        1.0000                                    1388.9940      4495.1396
 179   IV:EdBJNPZ                                               5         9.4799           -767                        1.0000                                    1388.9940      4495.1396
 176   IV:SxBJKNPZ                                              6         9.4876          -2047                        1.0000                                    3953.5079     12243.3122
 176   IV:SxBJKNPZ                                              6         9.4876          -2047                        1.0000                                    3953.5079     12243.3122
 176   IV:SxBJKNPZ                                              6         9.4876          -2047                        1.0000                                    3953.5079     12243.3122
 173   IV:BJMNPZ                                                5         9.4940           -767                        1.0000                                    1397.2941      4503.4396
 173   IV:BJMNPZ                                                5         9.4940           -767                        1.0000                                    1397.2941      4503.4396
 173   IV:BJMNPZ                                                5         9.4940           -767                        1.0000                                    1397.2941      4503.4396
 170   IV:BGJNPZ                                                5         9.5054           -767                        1.0000                                    1403.9649      4510.1104
 170   IV:BGJNPZ                                                5         9.5054           -767                        1.0000                                    1403.9649      4510.1104
 170   IV:BGJNPZ                                                5         9.5054           -767                        1.0000                                    1403.9649      4510.1104
 167   IV:SxBJNPZ                                               5         9.5157           -511                        1.0000                                     898.0365      2967.4503
 167   IV:SxBJNPZ                                               5         9.5157           -511                        1.0000                                     898.0365      2967.4503
 167   IV:SxBJNPZ                                               5         9.5157           -511                        1.0000                                     898.0365      2967.4503
 164   IV:ApBNPZ                                                4         9.5464           -127                        0.9133                                     148.0867       662.4028
 164   IV:ApBNPZ                                                4         9.5464           -127                        0.9133                                     148.0867       662.4028
 164   IV:ApBNPZ                                                4         9.5464           -127                        0.9133                                     148.0867       662.4028
 161   IV:BJKNPZ                                                5         9.5568          -1023                        1.0000                                    1946.2002      6089.0776
 161   IV:BJKNPZ                                                5         9.5568          -1023                        1.0000                                    1946.2002      6089.0776
 161   IV:BJKNPZ                                                5         9.5568          -1023                        1.0000                                    1946.2002      6089.0776
 158   IV:AgBNPZ                                                4         9.5695           -191                        1.0000                                     289.6370      1063.1361
 158   IV:AgBNPZ                                                4         9.5695           -191                        1.0000                                     289.6370      1063.1361
 158   IV:AgBNPZ                                                4         9.5695           -191                        1.0000                                     289.6370      1063.1361
 155   IV:BCNPZ                                                 4         9.5768           -191                        1.0000                                     293.9264      1067.4255
 155   IV:BCNPZ                                                 4         9.5768           -191                        1.0000                                     293.9264      1067.4255
 155   IV:BCNPZ                                                 4         9.5768           -191                        1.0000                                     293.9264      1067.4255
 152   IV:BKNPZ                                                 4         9.5778           -255                        1.0000                                     422.5259      1455.2080
 152   IV:BKNPZ                                                 4         9.5778           -255                        1.0000                                     422.5259      1455.2080
 152   IV:BKNPZ                                                 4         9.5778           -255                        1.0000                                     422.5259      1455.2080
 149   IV:BFNPZ                                                 4         9.5825           -191                        1.0000                                     297.3029      1070.8020
 149   IV:BFNPZ                                                 4         9.5825           -191                        1.0000                                     297.3029      1070.8020
 149   IV:BFNPZ                                                 4         9.5825           -191                        1.0000                                     297.3029      1070.8020
 146   IV:BLNPZ                                                 4         9.5862           -191                        1.0000                                     299.4476      1072.9467
 146   IV:BLNPZ                                                 4         9.5862           -191                        1.0000                                     299.4476      1072.9467
 146   IV:BLNPZ                                                 4         9.5862           -191                        1.0000                                     299.4476      1072.9467
 143   IV:BJNPZ                                                 4         9.5877           -255                        1.0000                                     428.3352      1461.0172
 143   IV:BJNPZ                                                 4         9.5877           -255                        1.0000                                     428.3352      1461.0172
 143   IV:BJNPZ                                                 4         9.5877           -255                        1.0000                                     428.3352      1461.0172
 140   IV:BDNPZ                                                 4         9.5925           -191                        1.0000                                     303.1734      1076.6725
 140   IV:BDNPZ                                                 4         9.5925           -191                        1.0000                                     303.1734      1076.6725
 140   IV:BDNPZ                                                 4         9.5925           -191                        1.0000                                     303.1734      1076.6725
 137   IV:BMNPZ                                                 4         9.5978           -191                        1.0000                                     306.2808      1079.7799
 137   IV:BMNPZ                                                 4         9.5978           -191                        1.0000                                     306.2808      1079.7799
 137   IV:BMNPZ                                                 4         9.5978           -191                        1.0000                                     306.2808      1079.7799
 134   IV:BGNPZ                                                 4         9.6004           -191                        1.0000                                     307.7884      1081.2875
 134   IV:BGNPZ                                                 4         9.6004           -191                        1.0000                                     307.7884      1081.2875
 134   IV:BGNPZ                                                 4         9.6004           -191                        1.0000                                     307.7884      1081.2875
 131   IV:ABNPZ                                                 4         9.6037           -191                        1.0000                                     309.7230      1083.2221
 131   IV:ABNPZ                                                 4         9.6037           -191                        1.0000                                     309.7230      1083.2221
 131   IV:ABNPZ                                                 4         9.6037           -191                        1.0000                                     309.7230      1083.2221
 129   IV:ApBPZ                                                 3         9.6038            -31                        0.0000                                     -10.2210       115.3207
 129   IV:ApBPZ                                                 3         9.6038            -31                        0.0000                                     -10.2210       115.3207
 126   IV:BENPZ                                                 4         9.6081           -191                        1.0000                                     312.3367      1085.8358
 126   IV:BENPZ                                                 4         9.6081           -191                        1.0000                                     312.3367      1085.8358
 126   IV:BENPZ                                                 4         9.6081           -191                        1.0000                                     312.3367      1085.8358
 125   IV:ApNPZ                                                 3         9.6091            -31                        0.0000                                      -7.0513       118.4904
 122   IV:BHNPZ                                                 4         9.6102           -191                        1.0000                                     313.5482      1087.0473
 122   IV:BHNPZ                                                 4         9.6102           -191                        1.0000                                     313.5482      1087.0473
 122   IV:BHNPZ                                                 4         9.6102           -191                        1.0000                                     313.5482      1087.0473
 119   IV:EdBNPZ                                                4         9.6109           -191                        1.0000                                     313.9955      1087.4946
 119   IV:EdBNPZ                                                4         9.6109           -191                        1.0000                                     313.9955      1087.4946
 119   IV:EdBNPZ                                                4         9.6109           -191                        1.0000                                     313.9955      1087.4946
 118   IV:ApBZ                                                  2         9.6269             -7                        0.0000                                     -44.5974       -16.2492
 117   IV:ApNZ                                                  2         9.6292             -7                        0.0000                                     -43.2525       -14.9044
 115   IV:AgBPZ                                                 3         9.6327            -47                        0.1921                                      38.7964       229.1339
 115   IV:AgBPZ                                                 3         9.6327            -47                        0.1921                                      38.7964       229.1339
 114   IV:ApPZ                                                  2         9.6365             -7                        0.0000                                     -38.9655       -10.6173
 113   IV:KNPZ                                                  3         9.6375            -63                        0.8272                                      73.5980       328.7312
 110   IV:SxBNPZ                                                4         9.6380           -127                        1.0000                                     201.8881       716.2042
 110   IV:SxBNPZ                                                4         9.6380           -127                        1.0000                                     201.8881       716.2042
 110   IV:SxBNPZ                                                4         9.6380           -127                        1.0000                                     201.8881       716.2042
 109   IV:ApZ                                                   1         9.6396                                       0.0000                                     -49.1652       -45.1155
 107   IV:BKPZ                                                  3         9.6444            -63                        0.9136                                      77.6654       332.7986
 107   IV:BKPZ                                                  3         9.6444            -63                        0.9136                                      77.6654       332.7986
 105   IV:BFPZ                                                  3         9.6467            -47                        0.4736                                      47.0256       237.3630
 105   IV:BFPZ                                                  3         9.6467            -47                        0.4736                                      47.0256       237.3630
 103   IV:BCPZ                                                  3         9.6481            -47                        0.5085                                      47.8669       238.2043
 103   IV:BCPZ                                                  3         9.6481            -47                        0.5085                                      47.8669       238.2043
 102   IV:AgNPZ                                                 3         9.6505            -47                        0.5657                                      49.2334       239.5708
 101   IV:JNPZ                                                  3         9.6556            -63                        0.9820                                      84.2275       339.3607
  99   IV:EdBPZ                                                 3         9.6560            -47                        0.6996                                      52.5066       242.8440
  99   IV:EdBPZ                                                 3         9.6560            -47                        0.6996                                      52.5066       242.8440
  97   IV:BJPZ                                                  3         9.6570            -63                        0.9860                                      85.0712       340.2044
  97   IV:BJPZ                                                  3         9.6570            -63                        0.9860                                      85.0712       340.2044
  94   IV:BNPZ                                                  3         9.6574            -63                        0.9870                                      85.3213       340.4545
  94   IV:BNPZ                                                  3         9.6574            -63                        0.9870                                      85.3213       340.4545
  94   IV:BNPZ                                                  3         9.6574            -63                        0.9870                                      85.3213       340.4545
  92   IV:BLPZ                                                  3         9.6582            -47                        0.7481                                      53.7891       244.1266
  92   IV:BLPZ                                                  3         9.6582            -47                        0.7481                                      53.7891       244.1266
  91   IV:CNPZ                                                  3         9.6604            -47                        0.7940                                      55.1013       245.4388
  89   IV:BGPZ                                                  3         9.6614            -47                        0.8126                                      55.6748       246.0122
  89   IV:BGPZ                                                  3         9.6614            -47                        0.8126                                      55.6748       246.0122
  87   IV:ABPZ                                                  3         9.6622            -47                        0.8266                                      56.1250       246.4625
  87   IV:ABPZ                                                  3         9.6622            -47                        0.8266                                      56.1250       246.4625
  86   IV:GNPZ                                                  3         9.6633            -47                        0.8456                                      56.7663       247.1037
  84   IV:BMPZ                                                  3         9.6633            -47                        0.8462                                      56.7897       247.1271
  84   IV:BMPZ                                                  3         9.6633            -47                        0.8462                                      56.7897       247.1271
  82   IV:BHPZ                                                  3         9.6665            -47                        0.8940                                      58.6517       248.9892
  82   IV:BHPZ                                                  3         9.6665            -47                        0.8940                                      58.6517       248.9892
  80   IV:BEPZ                                                  3         9.6669            -47                        0.8999                                      58.9167       249.2541
  80   IV:BEPZ                                                  3         9.6669            -47                        0.8999                                      58.9167       249.2541
  79   IV:EdNPZ                                                 3         9.6671            -47                        0.9023                                      59.0254       249.3629
  77   IV:BDPZ                                                  3         9.6686            -47                        0.9195                                      59.8712       250.2087
  77   IV:BDPZ                                                  3         9.6686            -47                        0.9195                                      59.8712       250.2087
  76   IV:MNPZ                                                  3         9.6691            -47                        0.9249                                      60.1638       250.5012
  75   IV:KNZ                                                   2         9.6696            -15                        0.0039                                      -3.5242        57.2218
  74   IV:LNPZ                                                  3         9.6701            -47                        0.9356                                      60.7834       251.1209
  73   IV:DNPZ                                                  3         9.6723            -47                        0.9541                                      62.0506       252.3881
  72   IV:BCZ                                                   2         9.6732            -11                        0.0009                                      -9.4202        35.1269
  71   IV:ANPZ                                                  3         9.6746            -47                        0.9694                                      63.4257       253.7632
  70   IV:JNZ                                                   2         9.6771            -15                        0.0156                                       0.8927        61.6387
  69   IV:FNPZ                                                  3         9.6771            -47                        0.9813                                      64.9166       255.2541
  68   IV:BKZ                                                   2         9.6805            -15                        0.0279                                       2.8975        63.6435
  67   IV:ENPZ                                                  3         9.6808            -47                        0.9918                                      67.0711       257.4086
  66   IV:EdBZ                                                  2         9.6817            -11                        0.0056                                      -4.4158        40.1313
  65   IV:HNPZ                                                  3         9.6818            -47                        0.9937                                      67.6739       258.0114
  64   IV:CNZ                                                   2         9.6838            -11                        0.0087                                      -3.1537        41.3934
  63   IV:KPZ                                                   2         9.6852            -15                        0.0593                                       5.6503        66.3963
  62   IV:AgPZ                                                  2         9.6877            -11                        0.0184                                      -0.8776        43.6695
  61   IV:EdNZ                                                  2         9.6877            -11                        0.0184                                      -0.8756        43.6715
  60   IV:SxNPZ                                                 3         9.6886            -31                        0.8711                                      39.6274       165.1692
  59   IV:BJZ                                                   2         9.6889            -15                        0.1032                                       7.8338        68.5798
  58   IV:AgBZ                                                  2         9.6891            -11                        0.0240                                      -0.0501        44.4969
  57   IV:CPZ                                                   2         9.6896            -11                        0.0264                                       0.2542        44.8013
  56   IV:BFZ                                                   2         9.6903            -11                        0.0297                                       0.6274        45.1745
  55   IV:AgNZ                                                  2         9.6905            -11                        0.0311                                       0.7740        45.3210
  54   IV:EdPZ                                                  2         9.6906            -11                        0.0319                                       0.8508        45.3979
  52   IV:SxBPZ                                                 3         9.6916            -31                        0.9222                                      41.4099       166.9516
  52   IV:SxBPZ                                                 3         9.6916            -31                        0.9222                                      41.4099       166.9516
  50   IV:BNZ                                                   2         9.6942            -15                        0.2107                                      10.9464        71.6924
  50   IV:BNZ                                                   2         9.6942            -15                        0.2107                                      10.9464        71.6924
  49   IV:ABZ                                                   2         9.6942            -11                        0.0604                                       2.9724        47.5195
  48   IV:BDZ                                                   2         9.6980            -11                        0.1136                                       5.2057        49.7528
  47   IV:BLZ                                                   2         9.6998            -11                        0.1487                                       6.2150        50.7621
  46   IV:CZ                                                    1         9.6998             -2                        0.0004                                     -11.7735        -3.6740
  45   IV:EdZ                                                   1         9.7009             -2                        0.0005                                     -11.1356        -3.0361
  44   IV:KZ                                                    1         9.7010             -3                        0.0018                                      -9.0841         3.0651
  43   IV:GPZ                                                   2         9.7015            -11                        0.1917                                       7.2128        51.7598
  42   IV:JPZ                                                   2         9.7017            -15                        0.4778                                      15.3592        76.1052
  41   IV:BEZ                                                   2         9.7019            -11                        0.2057                                       7.4982        52.0453
  39   IV:NPZ                                                   2         9.7020            -15                        0.4917                                      15.5458        76.2918
  39   IV:NPZ                                                   2         9.7020            -15                        0.4917                                      15.5458        76.2918
  38   IV:MNZ                                                   2         9.7023            -11                        0.2159                                       7.6966        52.2437
  36   IV:BPZ                                                   2         9.7029            -15                        0.5309                                      16.0644        76.8104
  36   IV:BPZ                                                   2         9.7029            -15                        0.5309                                      16.0644        76.8104
  35   IV:ENZ                                                   2         9.7030            -11                        0.2374                                       8.0913        52.6384
  34   IV:LNZ                                                   2         9.7036            -11                        0.2602                                       8.4823        53.0294
  33   IV:DNZ                                                   2         9.7041            -11                        0.2768                                       8.7517        53.2988
  32   IV:FPZ                                                   2         9.7062            -11                        0.3634                                      10.0008        54.5479
  31   IV:LPZ                                                   2         9.7062            -11                        0.3636                                      10.0036        54.5507
  30   IV:BMZ                                                   2         9.7066            -11                        0.3802                                      10.2196        54.7666
  29   IV:BGZ                                                   2         9.7070            -11                        0.4000                                      10.4716        55.0186
  28   IV:EPZ                                                   2         9.7087            -11                        0.4854                                      11.4883        56.0354
  27   IV:APZ                                                   2         9.7089            -11                        0.4941                                      11.5871        56.1342
  26   IV:GNZ                                                   2         9.7094            -11                        0.5182                                      11.8568        56.4039
  25   IV:ANZ                                                   2         9.7097            -11                        0.5369                                      12.0638        56.6109
  24   IV:DPZ                                                   2         9.7105            -11                        0.5799                                      12.5341        57.0812
  23   IV:BHZ                                                   2         9.7106            -11                        0.5833                                      12.5707        57.1178
  22   IV:SxNZ                                                  2         9.7111             -7                        0.2437                                       4.8863        33.2344
  21   IV:JZ                                                    1         9.7111             -3                        0.0276                                      -3.1052         9.0440
  20   IV:SxBZ                                                  2         9.7122             -7                        0.2912                                       5.5163        33.8644
  19   IV:FNZ                                                   2         9.7126            -11                        0.6910                                      13.7392        58.2863
  18   IV:HPZ                                                   2         9.7128            -11                        0.7060                                      13.9040        58.4511
  17   IV:HNZ                                                   2         9.7141            -11                        0.7683                                      14.6150        59.1621
  16   IV:AgZ                                                   1         9.7144             -2                        0.0272                                      -3.2089         4.8906
  15   IV:SxPZ                                                  2         9.7161             -7                        0.5221                                       7.8380        36.1862
  14   IV:LZ                                                    1         9.7163             -2                        0.0488                                      -2.0382         6.0613
  13   IV:MPZ                                                   2         9.7164            -11                        0.8722                                      15.9758        60.5229
  12   IV:BZ                                                    1         9.7169             -3                        0.1235                                       0.2652        12.4144
  11   IV:NZ                                                    1         9.7180             -3                        0.1632                                       0.9055        13.0547
  10   IV:EZ                                                    1         9.7184             -2                        0.0886                                      -0.8474         7.2521
   9   IV:DZ                                                    1         9.7188             -2                        0.0997                                      -0.6115         7.4880
   8   IV:AZ                                                    1         9.7197             -2                        0.1306                                      -0.0717         8.0278
   7   IV:FZ                                                    1         9.7232             -2                        0.3611                                       1.9630        10.0624
   6   IV:SxZ                                                   1         9.7236                                       0.1861                                       0.2499         4.2996
   5   IV:GZ                                                    1         9.7242             -2                        0.4857                                       2.5555        10.6550
   4   IV:PZ                                                    1         9.7244             -3                        0.7269                                       4.6740        16.8232
   3   IV:MZ                                                    1         9.7248             -2                        0.5928                                       2.9542        11.0537
   2   IV:HZ                                                    1         9.7250             -2                        0.6187                                       3.0396        11.1391
   1   IV:Z                                                     0         9.7266              0                        1.0000                                       0.0000         0.0000
  ID   MODEL                     ID          Model          Level              H            dDF            dLR          Alpha            Inf        %dH(DV)           dAIC           dBIC


Best Model(s) by dBIC:
 109   IV:ApZ                                                   1         9.6396                                       0.0000                                     -49.1652       -45.1155
Best Model(s) by dAIC:
 109   IV:ApZ                                                   1         9.6396                                       0.0000                                     -49.1652       -45.1155




Best Model(s) by dBIC:
  IV:EdBGJKNPZ  dBIC=55529.1725
Best Model(s) by dAIC:
  IV:EdBGJKNPZ  dAIC=18210.8787

