OCCAM version 3.4.0
================================================================================

Option settings:
Search direction up
Search width     3
Search levels    7
Search type      loopless-up

State Space Size      1.451188e+09
Sample Size           424.000000

Searching level:
1 : 18 new models, 3 kept, 19 total models
2 : 48 new models, 3 kept, 67 total models
3 : 45 new models, 3 kept, 112 total models
4 : 42 new models, 3 kept, 154 total models
5 : 40 new models, 3 kept, 194 total models
6 : 37 new models, 3 kept, 231 total models
7 : 33 new models, 3 kept, 264 total models

   ID   MODEL                                               Level         H       dDF       dLR     Alpha       Inf     %dH(DV)        dAIC        dBIC
 264   IV:ApSxACEHKZ                                           7      8.99      1295                1.00                          -2155.26    -7399.66
 263   IV:ApSxACEHJZ                                           7      9.00      1295                1.00                          -2161.84    -7406.25
 262   IV:ApSxAgACEMZ                                          7      9.01       971                1.00                          -1518.62    -5450.91
 261   IV:ApSxACEHMZ                                           7      9.01       971                1.00                          -1519.84    -5452.14
 260   IV:ApSxACEKMZ                                           7      9.02      1295                1.00                          -2170.81    -7415.21
 259   IV:ApSxAgACEKZ                                          7      9.02      1295                1.00                          -2173.78    -7418.18
 258   IV:ApSxAgACEHZ                                          7      9.02       971                1.00                          -1526.01    -5458.30
 257   IV:ApSxAgACEJZ                                          7      9.03      1295                1.00                          -2177.44    -7421.84
 256   IV:ApSxACEGMZ                                           7      9.03       971                1.00                          -1532.49    -5464.78
 255   IV:ApSxAgACELZ                                          7      9.04       971                1.00                          -1535.46    -5467.75
 254   IV:ApSxACEHLZ                                           7      9.04       971                1.00                          -1536.39    -5468.68
 253   IV:ApSxACEJMZ                                           7      9.04      1295                1.00                          -2184.67    -7429.08
 252   IV:ApSxACEFHZ                                           7      9.04       971                1.00                          -1536.98    -5469.28
 251   IV:ApSxEdACEMZ                                          7      9.04       971                1.00                          -1538.85    -5471.14
 250   IV:ApSxEdAgACEZ                                         7      9.04       971                1.00                          -1539.90    -5472.19
 249   IV:ApSxACEMPZ                                           7      9.05      1295                1.00                          -2189.14    -7433.54
 248   IV:ApSxACEFMZ                                           7      9.05       971                1.00                          -1543.77    -5476.06
 247   IV:ApSxAgACEFZ                                          7      9.05       971                1.00                          -1543.83    -5476.12
 246   IV:ApSxABCEMZ                                           7      9.05      1295                1.00                          -2191.93    -7436.34
 245   IV:ApSxACEHPZ                                           7      9.05      1295                1.00                          -2193.19    -7437.59
 244   IV:ApSxACELMZ                                           7      9.06       971                1.00                          -1547.20    -5479.49
 243   IV:ApSxAgACEGZ                                          7      9.06       971                1.00                          -1551.58    -5483.87
 242   IV:ApSxAgACEPZ                                          7      9.07      1295                1.00                          -2200.88    -7445.29
 241   IV:ApSxABCEHZ                                           7      9.09      1295                1.00                          -2215.56    -7459.97
 240   IV:ApSxACDEMZ                                           7      9.10       971                1.00                          -1570.32    -5502.61
 239   IV:ApSxACEGHZ                                           7      9.10       971                1.00                          -1571.27    -5503.56
 238   IV:ApSxAgABCEZ                                          7      9.11      1295                1.00                          -2225.26    -7469.67
 237   IV:ApSxAgACDEZ                                          7      9.11       971                1.00                          -1579.22    -5511.51
 236   IV:ApSxEdACEHZ                                          7      9.11       971                1.00                          -1579.24    -5511.53
 235   IV:ApSxACDEHZ                                           7      9.12       971                1.00                          -1581.61    -5513.90
 234   IV:ApSxACEMNZ                                           7      9.12      1295                1.00                          -2232.83    -7477.23
 233   IV:ApSxACEHNZ                                           7      9.12      1295                1.00                          -2234.91    -7479.31
 232   IV:ApSxAgACENZ                                          7      9.15      1295                1.00                          -2252.96    -7497.36
 231   IV:ApSxACEKZ                                            6      9.16       431                1.00                           -529.51    -2274.95
 230   IV:ApSxACEJZ                                            6      9.19       431                1.00                           -546.11    -2291.55
 229   IV:ApSxAgAEKZ                                           6      9.20       431                1.00                           -548.99    -2294.43
 228   IV:ApSxACEMZ                                            6      9.20       323                0.68                           -334.10    -1642.17
 227   IV:ApSxAgACEZ                                           6      9.21       323                0.77                           -340.76    -1648.82
 226   IV:ApSxACEHZ                                            6      9.21       323                0.78                           -341.46    -1649.53
 225   IV:ApSxAgAEJZ                                           6      9.21       431                1.00                           -557.83    -2303.26
 224   IV:ApSxAgADEZ                                           6      9.21       323                0.78                           -341.94    -1650.00
 223   IV:ApSxACFHZ                                            6      9.22       323                0.82                           -345.05    -1653.12
 222   IV:ApSxACHJZ                                            6      9.22       431                1.00                           -563.35    -2308.79
 221   IV:ApSxACHKZ                                            6      9.22       431                1.00                           -564.07    -2309.51
 220   IV:ApSxAgAELZ                                           6      9.22       323                0.86                           -349.25    -1657.31
 219   IV:ApSxAgACHZ                                           6      9.23       323                0.88                           -351.57    -1659.63
 218   IV:ApSxAgAEHZ                                           6      9.23       323                0.88                           -352.19    -1660.25
 217   IV:ApSxAgAEMZ                                           6      9.24       323                0.93                           -359.05    -1667.11
 216   IV:ApSxACHMZ                                            6      9.24       323                0.93                           -359.19    -1667.26
 215   IV:ApSxACEFZ                                            6      9.24       323                0.93                           -359.24    -1667.31
 214   IV:ApSxAgAEPZ                                           6      9.25       431                1.00                           -578.04    -2323.47
 213   IV:ApSxEdACHZ                                           6      9.25       323                0.96                           -365.78    -1673.85
 212   IV:ApSxACEPZ                                            6      9.25       431                1.00                           -581.83    -2327.26
 211   IV:ApSxEdAgAEZ                                          6      9.25       323                0.96                           -366.07    -1674.13
 210   IV:ApSxAgAEGZ                                           6      9.25       323                0.97                           -366.71    -1674.77
 209   IV:ApSxACHPZ                                            6      9.26       431                1.00                           -584.81    -2330.24
 208   IV:ApSxAgAEFZ                                           6      9.26       323                0.97                           -368.90    -1676.96
 207   IV:ApSxACHLZ                                            6      9.26       323                0.98                           -370.83    -1678.89
 206   IV:ApSxACELZ                                            6      9.26       323                0.98                           -371.63    -1679.69
 205   IV:ApSxACGHZ                                            6      9.27       323                0.98                           -374.17    -1682.24
 204   IV:ApSxACEGZ                                            6      9.27       323                0.99                           -375.60    -1683.66
 203   IV:ApSxEdACEZ                                           6      9.28       323                0.99                           -380.28    -1688.34
 202   IV:ApSxAgABEZ                                           6      9.29       431                1.00                           -601.43    -2346.86
 201   IV:ApSxACDEZ                                            6      9.29       323                1.00                           -385.99    -1694.05
 200   IV:ApSxABCEZ                                            6      9.29       431                1.00                           -602.75    -2348.18
 199   IV:ApSxABCHZ                                            6      9.29       431                1.00                           -604.87    -2350.30
 198   IV:ApSxAgAENZ                                           6      9.31       431                1.00                           -615.67    -2361.11
 197   IV:ApSxACENZ                                            6      9.31       431                1.00                           -617.09    -2362.52
 196   IV:ApSxACDHZ                                            6      9.32       323                1.00                           -404.57    -1712.63
 195   IV:ApSxACHNZ                                            6      9.33       431                1.00                           -626.80    -2372.24
 194   IV:ApSxAEKZ                                             5      9.35       143                0.00                            -61.67     -640.78
 193   IV:ApSxACKZ                                             5      9.35       143                0.00                            -63.25     -642.37
 192   IV:ApSxACJZ                                             5      9.36       143                0.00                            -71.21     -650.33
 191   IV:ApSxEdCKZ                                            5      9.36       143                0.00                            -71.34     -650.46
 190   IV:ApSxAEJZ                                             5      9.37       143                0.00                            -76.98     -656.09
 189   IV:ApSxEdCJZ                                            5      9.38       143                0.00                            -79.99     -659.10
 188   IV:ApSxACEZ                                             5      9.40       107                0.00                            -18.90     -452.22
 187   IV:ApSxACHZ                                             5      9.40       107                0.00                            -23.87     -457.19
 186   IV:ApSxAgAEZ                                            5      9.41       107                0.00                            -25.38     -458.71
 185   IV:ApSxEdCHZ                                            5      9.41       107                0.00                            -26.35     -459.68
 184   IV:ApSxADEZ                                             5      9.41       107                0.00                            -26.69     -460.01
 183   IV:ApSxACMZ                                             5      9.41       107                0.00                            -26.71     -460.03
 182   IV:ApSxACGZ                                             5      9.41       107                0.00                            -28.02     -461.34
 181   IV:ApSxAEHZ                                             5      9.41       107                0.00                            -28.03     -461.35
 180   IV:ApSxAEMZ                                             5      9.41       107                0.00                            -28.33     -461.65
 179   IV:ApSxACPZ                                             5      9.41       143                0.01                           -100.79     -679.90
 178   IV:ApSxACFZ                                             5      9.41       107                0.00                            -29.54     -462.87
 177   IV:ApSxEdCMZ                                            5      9.42       107                0.00                            -30.41     -463.73
 176   IV:ApSxEdAEZ                                            5      9.42       107                0.00                            -33.98     -467.30
 175   IV:ApSxEdACZ                                            5      9.42       107                0.00                            -34.20     -467.52
 174   IV:ApSxAgACZ                                            5      9.42       107                0.00                            -34.30     -467.62
 173   IV:ApSxABCZ                                             5      9.42       143                0.03                           -107.09     -686.20
 172   IV:ApSxEdBCZ                                            5      9.43       143                0.03                           -109.00     -688.11
 171   IV:ApSxAEPZ                                             5      9.43       143                0.03                           -109.44     -688.55
 170   IV:ApSxACLZ                                             5      9.43       107                0.00                            -39.20     -472.52
 169   IV:ApSxAEFZ                                             5      9.43       107                0.00                            -40.02     -473.35
 168   IV:ApSxEdAgCZ                                           5      9.43       107                0.00                            -41.46     -474.78
 167   IV:ApSxEdCLZ                                            5      9.44       107                0.00                            -43.11     -476.43
 166   IV:ApSxACDZ                                             5      9.44       107                0.00                            -44.55     -477.87
 165   IV:ApSxAEGZ                                             5      9.44       107                0.00                            -45.01     -478.33
 164   IV:ApSxAELZ                                             5      9.44       107                0.00                            -45.53     -478.85
 163   IV:ApSxEdCEZ                                            5      9.44       107                0.00                            -45.63     -478.95
 162   IV:ApSxEdCDZ                                            5      9.45       107                0.00                            -47.76     -481.08
 161   IV:ApSxEdCPZ                                            5      9.45       143                0.12                           -121.82     -700.93
 160   IV:ApSxAENZ                                             5      9.45       143                0.14                           -123.43     -702.54
 159   IV:ApSxABEZ                                             5      9.45       143                0.15                           -124.08     -703.19
 158   IV:ApSxACNZ                                             5      9.46       143                0.18                           -126.75     -705.87
 157   IV:ApSxEdCFZ                                            5      9.47       107                0.00                            -59.31     -492.63
 156   IV:ApSxEdCGZ                                            5      9.47       107                0.00                            -59.84     -493.16
 155   IV:ApSxEdCNZ                                            5      9.47       143                0.33                           -135.18     -714.29
 154   IV:ApSxAKZ                                              4      9.50        47                0.00                             42.56     -147.78
 153   IV:ApSxEdKZ                                             4      9.50        47                0.00                             40.64     -149.70
 152   IV:ApSxAJZ                                              4      9.51        47                0.00                             34.02     -156.32
 151   IV:ApSxCKZ                                              4      9.51        47                0.00                             33.55     -156.79
 150   IV:ApSxEdJZ                                             4      9.51        47                0.00                             33.43     -156.91
 149   IV:ApSxAEZ                                              4      9.51        35                0.00                             56.71      -85.03
 148   IV:ApSxACZ                                              4      9.52        35                0.00                             52.55      -89.19
 147   IV:ApSxCJZ                                              4      9.52        47                0.00                             25.88     -164.46
 146   IV:ApSxEdCZ                                             4      9.53        35                0.00                             48.28      -93.46
 145   IV:ApSxEdDZ                                             4      9.53        35                0.00                             47.58      -94.16
 144   IV:ApSxCMZ                                              4      9.53        35                0.00                             45.26      -96.48
 143   IV:ApSxEdLZ                                             4      9.54        35                0.00                             42.68      -99.06
 142   IV:ApSxAFZ                                              4      9.54        35                0.00                             41.92      -99.82
 141   IV:ApSxAMZ                                              4      9.54        35                0.00                             41.24     -100.50
 140   IV:ApSxEdAgZ                                            4      9.54        35                0.00                             40.67     -101.07
 139   IV:ApSxEdAZ                                             4      9.54        35                0.00                             40.29     -101.45
 138   IV:ApSxCDZ                                              4      9.54        35                0.00                             40.23     -101.51
 137   IV:ApSxADZ                                              4      9.54        35                0.00                             40.10     -101.64
 136   IV:ApSxBCZ                                              4      9.54        47                0.00                             15.79     -174.55
 135   IV:ApSxEdHZ                                             4      9.54        35                0.00                             39.35     -102.39
 134   IV:ApSxAgAZ                                             4      9.54        35                0.00                             38.88     -102.86
 133   IV:ApSxAHZ                                              4      9.54        35                0.00                             38.46     -103.28
 132   IV:ApSxEdPZ                                             4      9.54        47                0.00                             14.03     -176.30
 131   IV:ApSxAPZ                                              4      9.54        47                0.00                             14.00     -176.34
 130   IV:ApSxAGZ                                              4      9.55        35                0.00                             37.73     -104.01
 129   IV:ApSxEdMZ                                             4      9.55        35                0.00                             37.40     -104.34
 128   IV:ApSxCPZ                                              4      9.55        47                0.00                             13.36     -176.97
 127   IV:ApSxABZ                                              4      9.55        47                0.00                             13.36     -176.98
 126   IV:ApSxCLZ                                              4      9.55        35                0.00                             36.82     -104.92
 125   IV:ApSxEdEZ                                             4      9.55        35                0.00                             36.70     -105.04
 124   IV:ApSxEdBZ                                             4      9.55        47                0.00                             10.41     -179.93
 123   IV:ApSxCNZ                                              4      9.55        47                0.00                             10.32     -180.02
 122   IV:ApSxALZ                                              4      9.55        35                0.00                             34.12     -107.63
 121   IV:ApSxANZ                                              4      9.55        47                0.00                              9.75     -180.59
 120   IV:ApSxCFZ                                              4      9.55        35                0.00                             32.85     -108.89
 119   IV:ApSxCEZ                                              4      9.56        35                0.00                             31.43     -110.31
 118   IV:ApSxCHZ                                              4      9.56        35                0.00                             30.53     -111.22
 117   IV:ApEdKZ                                               3      9.56        23                0.00                             54.17      -38.97
 116   IV:ApSxEdNZ                                             4      9.56        47                0.00                              5.86     -184.48
 115   IV:ApSxAgCZ                                             4      9.56        35                0.00                             28.78     -112.96
 114   IV:ApSxEdFZ                                             4      9.56        35                0.00                             28.68     -113.06
 113   IV:ApEdJZ                                               3      9.57        23                0.00                             49.23      -43.92
 112   IV:ApSxEdGZ                                             4      9.57        35                0.00                             24.92     -116.82
 111   IV:ApSxCGZ                                              4      9.57        35                0.00                             24.60     -117.14
 110   IV:ApACZ                                                3      9.57        17                0.00                             60.22       -8.63
 109   IV:ApCKZ                                                3      9.57        23                0.00                             48.04      -45.11
 108   IV:ApEdCZ                                               3      9.57        17                0.00                             58.30      -10.55
 107   IV:ApEdAgZ                                              3      9.58        17                0.00                             56.01      -12.83
 106   IV:ApEdLZ                                               3      9.58        17                0.00                             54.92      -13.92
 105   IV:ApEdDZ                                               3      9.58        17                0.00                             54.62      -14.22
 104   IV:ApCJZ                                                3      9.58        23                0.00                             42.47      -50.68
 103   IV:ApEdHZ                                               3      9.58        17                0.00                             52.96      -15.88
 102   IV:ApEdAZ                                               3      9.58        17                0.00                             52.82      -16.02
 101   IV:ApEdMZ                                               3      9.58        17                0.00                             51.17      -17.68
 100   IV:ApBCZ                                                3      9.58        23                0.00                             39.12      -54.02
  99   IV:ApEdBZ                                               3      9.58        23                0.00                             38.97      -54.17
  98   IV:ApCNZ                                                3      9.58        23                0.00                             38.44      -54.71
  97   IV:ApEdEZ                                               3      9.59        17                0.00                             50.18      -18.67
  96   IV:ApCDZ                                                3      9.59        17                0.00                             50.12      -18.73
  95   IV:ApSxAZ                                               3      9.59        11                0.00                             60.64       16.09
  94   IV:ApSxEdZ                                              3      9.59        11                0.00                             60.35       15.80
  93   IV:ApCLZ                                                3      9.59        17                0.00                             47.61      -21.23
  92   IV:ApCEZ                                                3      9.59        17                0.00                             47.47      -21.38
  91   IV:ApAgCZ                                               3      9.59        17                0.00                             47.23      -21.62
  90   IV:ApSxKZ                                               3      9.59        15                0.00                             50.86       -9.88
  89   IV:ApCMZ                                                3      9.59        17                0.00                             46.74      -22.10
  88   IV:ApEdNZ                                               3      9.59        23                0.00                             34.56      -58.58
  87   IV:ApSxCZ                                               3      9.59        11                0.00                             57.46       12.91
  86   IV:ApCFZ                                                3      9.59        17                0.00                             44.71      -24.13
  85   IV:ApEdPZ                                               3      9.59        23                0.00                             32.52      -60.62
  84   IV:ApCPZ                                                3      9.60        23                0.00                             31.37      -61.78
  83   IV:ApEdFZ                                               3      9.60        17                0.00                             42.53      -26.31
  82   IV:ApCHZ                                                3      9.60        17                0.00                             42.49      -26.35
  81   IV:ApEdGZ                                               3      9.60        17                0.00                             42.03      -26.81
  80   IV:ApCGZ                                                3      9.60        17                0.00                             41.12      -27.72
  79   IV:ApSxJZ                                               3      9.60        15                0.00                             43.02      -17.73
  78   IV:ApSxNZ                                               3      9.60        15                0.00                             43.01      -17.74
  77   IV:ApSxDZ                                               3      9.61        11                0.00                             50.46        5.91
  76   IV:ApSxEZ                                               3      9.61        11                0.00                             48.64        4.09
  75   IV:ApSxAgZ                                              3      9.61        11                0.00                             47.99        3.45
  74   IV:ApEdZ                                                2      9.61         5                0.00                             59.93       39.68
  73   IV:ApKZ                                                 2      9.61         7                0.00                             55.83       27.48
  72   IV:ApSxPZ                                               3      9.61        15                0.00                             39.16      -21.59
  71   IV:ApSxMZ                                               3      9.61        11                0.00                             46.16        1.62
  70   IV:ApCZ                                                 2      9.61         5                0.00                             58.10       37.85
  69   IV:ApSxBZ                                               3      9.61        15                0.00                             37.89      -22.86
  68   IV:ApSxLZ                                               3      9.61        11                0.00                             44.76        0.21
  67   IV:ApSxFZ                                               3      9.62        11                0.00                             44.59        0.04
  66   IV:ApAZ                                                 2      9.62         5                0.00                             54.84       34.59
  65   IV:ApSxHZ                                               3      9.62        11                0.00                             42.72       -1.83
  64   IV:ApJZ                                                 2      9.62         7                0.00                             49.75       21.40
  63   IV:ApAgZ                                                2      9.62         5                0.00                             52.04       31.79
  62   IV:ApSxGZ                                               3      9.62        11                0.00                             38.74       -5.81
  61   IV:ApEZ                                                 2      9.63         5                0.00                             49.74       29.49
  60   IV:ApBZ                                                 2      9.63         7                0.00                             45.60       17.25
  59   IV:ApDZ                                                 2      9.63         5                0.00                             49.51       29.26
  58   IV:ApNZ                                                 2      9.63         7                0.00                             44.25       15.90
  57   IV:ApLZ                                                 2      9.63         5                0.00                             48.21       27.96
  56   IV:ApSxZ                                                2      9.63         3                0.00                             52.07       39.92
  55   IV:ApFZ                                                 2      9.63         5                0.00                             47.05       26.81
  54   IV:ApHZ                                                 2      9.63         5                0.00                             46.27       26.03
  53   IV:ApMZ                                                 2      9.63         5                0.00                             45.40       25.15
  52   IV:ApPZ                                                 2      9.64         7                0.00                             39.97       11.62
  51   IV:ApGZ                                                 2      9.64         5                0.00                             43.46       23.21
  50   IV:ApZ                                                  1      9.64         1                0.00                             50.17       46.12
  49   IV:EdKZ                                                 2      9.66        11                0.00                             20.87      -23.67
  48   IV:EdJZ                                                 2      9.67        11                0.00                             15.02      -29.52
  47   IV:BCZ                                                  2      9.67        11                0.00                             10.42      -34.13
  46   IV:EdCZ                                                 2      9.67         8                0.00                             16.13      -16.27
  45   IV:CKZ                                                  2      9.67        11                0.00                              9.80      -34.75
  44   IV:EdLZ                                                 2      9.67         8                0.00                             15.50      -16.89
  43   IV:EdAgZ                                                2      9.68         8                0.00                             11.44      -20.96
  42   IV:EdBZ                                                 2      9.68        11                0.01                              5.42      -39.13
  41   IV:CMZ                                                  2      9.68         8                0.00                             10.56      -21.84
  40   IV:EdMZ                                                 2      9.68         8                0.00                             10.39      -22.01
  39   IV:CNZ                                                  2      9.68        11                0.01                              4.15      -40.39
  38   IV:CJZ                                                  2      9.68        11                0.01                              4.12      -40.43
  37   IV:AgCZ                                                 2      9.68         8                0.00                              9.66      -22.74
  36   IV:CLZ                                                  2      9.69         8                0.00                              9.05      -23.35
  35   IV:CDZ                                                  2      9.69         8                0.00                              9.01      -23.39
  34   IV:EdDZ                                                 2      9.69         8                0.00                              8.68      -23.72
  33   IV:CEZ                                                  2      9.69         8                0.00                              8.09      -24.31
  32   IV:EdNZ                                                 2      9.69        11                0.02                              1.88      -42.67
  31   IV:EdEZ                                                 2      9.69         8                0.00                              7.20      -25.19
  30   IV:CPZ                                                  2      9.69        11                0.03                              0.75      -43.80
  29   IV:CFZ                                                  2      9.69         8                0.01                              6.61      -25.79
  28   IV:ACZ                                                  2      9.69         8                0.01                              6.31      -26.09
  27   IV:EdAZ                                                 2      9.69         8                0.01                              6.22      -26.18
  26   IV:EdPZ                                                 2      9.69        11                0.03                              0.15      -44.40
  25   IV:EdFZ                                                 2      9.69         8                0.01                              5.63      -26.77
  24   IV:CHZ                                                  2      9.69         8                0.01                              4.46      -27.94
  23   IV:EdHZ                                                 2      9.69         8                0.01                              4.40      -28.00
  22   IV:SxCZ                                                 2      9.69         5                0.00                             10.21      -10.04
  21   IV:CGZ                                                  2      9.69         8                0.02                              3.71      -28.69
  20   IV:EdGZ                                                 2      9.70         8                0.02                              3.22      -29.18
  19   IV:SxEdZ                                                2      9.70         5                0.00                              8.83      -11.42
  18   IV:CZ                                                   1      9.70         2                0.00                             12.77        4.67
  17   IV:EdZ                                                  1      9.70         2                0.00                             12.14        4.04
  16   IV:KZ                                                   1      9.70         3                0.00                             10.08       -2.07
  15   IV:JZ                                                   1      9.71         3                0.03                              4.11       -8.04
  14   IV:AgZ                                                  1      9.71         2                0.03                              4.21       -3.89
  13   IV:LZ                                                   1      9.72         2                0.05                              3.04       -5.06
  12   IV:BZ                                                   1      9.72         3                0.12                              0.73      -11.41
  11   IV:NZ                                                   1      9.72         3                0.16                              0.09      -12.05
  10   IV:EZ                                                   1      9.72         2                0.09                              1.85       -6.25
   9   IV:DZ                                                   1      9.72         2                0.10                              1.61       -6.49
   8   IV:AZ                                                   1      9.72         2                0.13                              1.07       -7.03
   7   IV:FZ                                                   1      9.72         2                0.36                             -0.96       -9.06
   6   IV:SxZ                                                  1      9.72         1                0.19                              0.75       -3.30
   5   IV:GZ                                                   1      9.72         2                0.49                             -1.56       -9.65
   4   IV:PZ                                                   1      9.72         3                0.73                             -3.67      -15.82
   3   IV:MZ                                                   1      9.72         2                0.59                             -1.95      -10.05
   2   IV:HZ                                                   1      9.72         2                0.62                             -2.04      -10.14
   1   IV:Z                                                    0      9.73         0                1.00                              0.00        0.00
   ID   MODEL                                                  ID     Model     Level         H       dDF       dLR     Alpha       Inf     %dH(DV)        dAIC        dBIC


Best Model(s) by dBIC:
  50   IV:ApZ                                            
Best Model(s) by dAIC:
  95   IV:ApSxAZ                                         
