OCCAM version 3.4.0
================================================================================

Option settings:
Search direction up
Search width     3
Search levels    7
Search type      loopless-up

State Space Size      1.451188e+09
Sample Size           424.000000

Searching level:
1 : 10 new models, 3 kept, 10 total models, 3 total kept
2 : 20 new models, 3 kept, 20 total models, 3 total kept
3 : 30 new models, 3 kept, 30 total models, 3 total kept
4 : 40 new models, 3 kept, 40 total models, 3 total kept
5 : 50 new models, 3 kept, 50 total models, 3 total kept
6 : 60 new models, 3 kept, 60 total models, 3 total kept
7 : 70 new models, 3 kept, 70 total models, 3 total kept

  ID   MODEL                      ID          Model          Level              H            dDF            dLR          Alpha            Inf        %dH(DV)           dAIC           dBIC
 264   IV:BFJKMNPZ                                               7         9.2434          -9215                        1.0000                                   18145.9918     55464.2856
 263   IV:AgBJKMNPZ                                              7         9.2557          -9215                        1.0000                                   18153.1878     55471.4816
 262   IV:BJKLMNPZ                                               7         9.2588          -9215                        1.0000                                   18155.0268     55473.3206
 261   IV:BFGJKNPZ                                               7         9.2609          -9215                        1.0000                                   18156.2820     55474.5758
 260   IV:AgBGJKNPZ                                              7         9.2792          -9215                        1.0000                                   18167.0366     55485.3304
 259   IV:BHJKMNPZ                                               7         9.2901          -9215                        1.0000                                   18173.4214     55491.7152
 258   IV:BCGJKNPZ                                               7         9.2946          -9215                        1.0000                                   18176.0388     55494.3326
 257   IV:ABJKMNPZ                                               7         9.2961          -9215                        1.0000                                   18176.9345     55495.2283
 256   IV:EdABJKNPZ                                              7         9.2964          -9215                        1.0000                                   18177.1438     55495.4376
 255   IV:EdAgBJKNPZ                                             7         9.2973          -9215                        1.0000                                   18177.6542     55495.9480
 254   IV:EdBFJKNPZ                                              7         9.2986          -9215                        1.0000                                   18178.4250     55496.7187
 253   IV:BEJKMNPZ                                               7         9.3076          -9215                        1.0000                                   18183.7221     55502.0159
 252   IV:ApBJKMNPZ                                              7         9.3114          -6143                        1.0000                                   12041.9420     36919.4546
 251   IV:BCJKMNPZ                                               7         9.3115          -9215                        1.0000                                   18186.0039     55504.2977
 250   IV:EdBJKMNPZ                                              7         9.3117          -9215                        1.0000                                   18186.1123     55504.4061
 249   IV:ABGJKNPZ                                               7         9.3128          -9215                        1.0000                                   18186.7375     55505.0313
 248   IV:EdBEJKNPZ                                              7         9.3130          -9215                        1.0000                                   18186.8558     55505.1496
 247   IV:BDJKMNPZ                                               7         9.3144          -9215                        1.0000                                   18187.6845     55505.9783
 246   IV:ApEdBJKNPZ                                             7         9.3152          -6143                        1.0000                                   12044.1923     36921.7049
 245   IV:EdBDJKNPZ                                              7         9.3156          -9215                        1.0000                                   18188.4344     55506.7282
 244   IV:EdBJKLNPZ                                              7         9.3176          -9215                        1.0000                                   18189.5670     55507.8608
 243   IV:BEGJKNPZ                                               7         9.3188          -9215                        1.0000                                   18190.2830     55508.5768
 242   IV:EdBHJKNPZ                                              7         9.3199          -9215                        1.0000                                   18190.9347     55509.2285
 241   IV:ApBGJKNPZ                                              7         9.3200          -6143                        1.0000                                   12047.0068     36924.5194
 240   IV:EdBCJKNPZ                                              7         9.3204          -9215                        1.0000                                   18191.2383     55509.5321
 239   IV:BGJKLNPZ                                               7         9.3224          -9215                        1.0000                                   18192.3891     55510.6829
 238   IV:BGJKMNPZ                                               7         9.3320          -9215                        1.0000                                   18198.0441     55516.3379
 237   IV:BDGJKNPZ                                               7         9.3352          -9215                        1.0000                                   18199.9001     55518.1939
 236   IV:BGHJKNPZ                                               7         9.3428          -9215                        1.0000                                   18204.4051     55522.6989
 235   IV:SxEdBJKNPZ                                             7         9.3449          -6143                        1.0000                                   12061.6401     36939.1527
 234   IV:EdBGJKNPZ                                              7         9.3538          -9215                        1.0000                                   18210.8787     55529.1725
 233   IV:SxBJKMNPZ                                              7         9.3583          -6143                        1.0000                                   12069.4961     36947.0087
 232   IV:JKLMNPZ                                                6         9.3853          -2303                        1.0000                                    4405.3654     13731.9015
 231   IV:DFJKNPZ                                                6         9.3893          -2303                        1.0000                                    4407.7500     13734.2861
 230   IV:SxBGJKNPZ                                              7         9.3899          -6143                        1.0000                                   12088.0542     36965.5668
 229   IV:FJKMNPZ                                                6         9.3954          -2303                        1.0000                                    4411.3275     13737.8637
 228   IV:AgBJKNPZ                                               6         9.3995          -3071                        1.0000                                    5949.7117     18386.4431
 227   IV:AJKMNPZ                                                6         9.4063          -2303                        1.0000                                    4417.7170     13744.2532
 226   IV:ApDJKNPZ                                               6         9.4077          -1535                        1.0000                                    2882.5582      9098.8991
 225   IV:BFJKNPZ                                                6         9.4102          -3071                        1.0000                                    5956.0003     18392.7318
 224   IV:ADJKNPZ                                                6         9.4126          -2303                        1.0000                                    4421.3935     13747.9297
 223   IV:AgDJKNPZ                                               6         9.4158          -2303                        1.0000                                    4423.3319     13749.8681
 222   IV:AgJKMNPZ                                               6         9.4164          -2303                        1.0000                                    4423.6483     13750.1845
 221   IV:DJKLNPZ                                                6         9.4173          -2303                        1.0000                                    4424.1840     13750.7201
 220   IV:HJKMNPZ                                                6         9.4182          -2303                        1.0000                                    4424.7078     13751.2439
 219   IV:DHJKNPZ                                                6         9.4279          -2303                        1.0000                                    4430.4328     13756.9689
 218   IV:ApJKMNPZ                                               6         9.4287          -1535                        1.0000                                    2894.8717      9111.2125
 217   IV:ApBJKNPZ                                               6         9.4309          -2047                        1.0000                                    3920.1685     12209.9729
 216   IV:BHJKNPZ                                                6         9.4310          -3071                        1.0000                                    5968.2500     18404.9815
 215   IV:GJKMNPZ                                                6         9.4311          -2303                        1.0000                                    4432.3061     13758.8423
 214   IV:AgBJNPZ                                                5         9.4351           -767                        1.0000                                    1362.6192      4468.7648
 213   IV:BFJNPZ                                                 5         9.4366           -767                        1.0000                                    1363.5421      4469.6876
 212   IV:DJKMNPZ                                                6         9.4406          -2303                        1.0000                                    4437.8514     13764.3875
 211   IV:BDJKNPZ                                                6         9.4406          -3071                        1.0000                                    5973.8596     18410.5911
 210   IV:ABJKNPZ                                                6         9.4411          -3071                        1.0000                                    5974.1563     18410.8878
 209   IV:BJKLNPZ                                                6         9.4442          -3071                        1.0000                                    5975.9675     18412.6990
 208   IV:BCJKNPZ                                                6         9.4453          -3071                        1.0000                                    5976.6430     18413.3744
 207   IV:ApBJNPZ                                                5         9.4462           -511                        1.0000                                     857.1949      2926.6087
 206   IV:EdJKMNPZ                                               6         9.4470          -2303                        1.0000                                    4441.6682     13768.2044
 205   IV:BEJKNPZ                                                6         9.4493          -3071                        1.0000                                    5978.9983     18415.7298
 204   IV:CJKMNPZ                                                6         9.4497          -2303                        1.0000                                    4443.2358     13769.7719
 203   IV:EJKMNPZ                                                6         9.4500          -2303                        1.0000                                    4443.4049     13769.9411
 202   IV:DEJKNPZ                                                6         9.4501          -2303                        1.0000                                    4443.4907     13770.0269
 201   IV:BHJNPZ                                                 5         9.4544           -767                        1.0000                                    1373.9986      4480.1441
 200   IV:EdDJKNPZ                                               6         9.4565          -2303                        1.0000                                    4447.2234     13773.7595
 199   IV:EdBJKNPZ                                               6         9.4575          -3071                        1.0000                                    5983.7861     18420.5175
 198   IV:BJKMNPZ                                                6         9.4612          -3071                        1.0000                                    5985.9664     18422.6978
 197   IV:DGJKNPZ                                                6         9.4634          -2303                        1.0000                                    4451.2619     13777.7981
 196   IV:BCJNPZ                                                 5         9.4636           -767                        1.0000                                    1379.4087      4485.5543
 195   IV:ABJNPZ                                                 5         9.4696           -767                        1.0000                                    1382.9152      4489.0608
 194   IV:BJLNPZ                                                 5         9.4696           -767                        1.0000                                    1382.9355      4489.0810
 193   IV:BGJKNPZ                                                6         9.4726          -3071                        1.0000                                    5992.7055     18429.4370
 192   IV:BEJNPZ                                                 5         9.4730           -767                        1.0000                                    1384.9004      4491.0460
 191   IV:SxDJKNPZ                                               6         9.4749          -1535                        1.0000                                    2922.0265      9138.3674
 190   IV:BDJNPZ                                                 5         9.4756           -767                        1.0000                                    1386.4426      4492.5882
 189   IV:SxJKMNPZ                                               6         9.4760          -1535                        1.0000                                    2922.7081      9139.0489
 188   IV:CDJKNPZ                                                6         9.4768          -2303                        1.0000                                    4459.1798     13785.7160
 187   IV:EdBJNPZ                                                5         9.4799           -767                        1.0000                                    1388.9940      4495.1396
 186   IV:BFJKPZ                                                 5         9.4861           -767                        1.0000                                    1392.6413      4498.7869
 185   IV:SxBJKNPZ                                               6         9.4876          -2047                        1.0000                                    3953.5079     12243.3122
 184   IV:BJMNPZ                                                 5         9.4940           -767                        1.0000                                    1397.2941      4503.4396
 183   IV:AgBJKPZ                                                5         9.4941           -767                        1.0000                                    1397.3477      4503.4933
 182   IV:BGJNPZ                                                 5         9.5054           -767                        1.0000                                    1403.9649      4510.1104
 181   IV:ApBJKPZ                                                5         9.5055           -511                        1.0000                                     892.0382      2961.4520
 180   IV:SxBJNPZ                                                5         9.5157           -511                        1.0000                                     898.0365      2967.4503
 179   IV:ApJKNPZ                                                5         9.5188           -511                        1.0000                                     899.8484      2969.2622
 178   IV:BFJPZ                                                  4         9.5190           -191                        1.0000                                     259.9359      1033.4350
 177   IV:BEJKPZ                                                 5         9.5211           -767                        1.0000                                    1413.1805      4519.3261
 176   IV:BHJKPZ                                                 5         9.5248           -767                        1.0000                                    1415.3984      4521.5440
 175   IV:BJKLPZ                                                 5         9.5284           -767                        1.0000                                    1417.4895      4523.6351
 174   IV:ABJKPZ                                                 5         9.5299           -767                        1.0000                                    1418.3441      4524.4896
 173   IV:AgJKNPZ                                                5         9.5312           -767                        1.0000                                    1419.1505      4525.2960
 172   IV:ApBJPZ                                                 4         9.5331           -127                        0.7936                                     140.2275       654.5437
 171   IV:BDJKPZ                                                 5         9.5333           -767                        1.0000                                    1420.3689      4526.5145
 170   IV:BCJKPZ                                                 5         9.5334           -767                        1.0000                                    1420.4008      4526.5464
 169   IV:AgBJPZ                                                 4         9.5385           -191                        1.0000                                     271.4117      1044.9108
 168   IV:BGJKPZ                                                 5         9.5429           -767                        1.0000                                    1426.0162      4532.1618
 167   IV:FJKNPZ                                                 5         9.5450           -767                        1.0000                                    1427.2734      4533.4189
 166   IV:HJKNPZ                                                 5         9.5457           -767                        1.0000                                    1427.6565      4533.8020
 165   IV:BJKMPZ                                                 5         9.5462           -767                        1.0000                                    1427.9569      4534.1025
 164   IV:ApBNPZ                                                 4         9.5464           -127                        0.9133                                     148.0867       662.4028
 163   IV:EdJKNPZ                                                5         9.5477           -767                        1.0000                                    1428.8565      4535.0021
 162   IV:BEJPZ                                                  4         9.5479           -191                        1.0000                                     276.9363      1050.4354
 161   IV:GJKNPZ                                                 5         9.5488           -767                        1.0000                                    1429.4854      4535.6309
 160   IV:EdBJKPZ                                                5         9.5527           -767                        1.0000                                    1431.7615      4537.9071
 159   IV:BHJPZ                                                  4         9.5531           -191                        1.0000                                     280.0280      1053.5271
 158   IV:CJKNPZ                                                 5         9.5537           -767                        1.0000                                    1432.3736      4538.5191
 157   IV:BJLPZ                                                  4         9.5553           -191                        1.0000                                     281.2994      1054.7985
 156   IV:ABJPZ                                                  4         9.5557           -191                        1.0000                                     281.5215      1055.0206
 155   IV:AJKNPZ                                                 5         9.5558           -767                        1.0000                                    1433.6159      4539.7614
 154   IV:BJKNPZ                                                 5         9.5568          -1023                        1.0000                                    1946.2002      6089.0776
 153   IV:JKLNPZ                                                 5         9.5570           -767                        1.0000                                    1434.3091      4540.4547
 152   IV:EJKNPZ                                                 5         9.5579           -767                        1.0000                                    1434.8560      4541.0015
 151   IV:DJKNPZ                                                 5         9.5584           -767                        1.0000                                    1435.1009      4541.2465
 150   IV:BCJPZ                                                  4         9.5607           -191                        1.0000                                     284.4632      1057.9623
 149   IV:JKMNPZ                                                 5         9.5672           -767                        1.0000                                    1440.2785      4546.4241
 148   IV:AgBNPZ                                                 4         9.5695           -191                        1.0000                                     289.6370      1063.1361
 147   IV:ApJKPZ                                                 4         9.5701           -127                        0.9917                                     161.9710       676.2871
 146   IV:BJMPZ                                                  4         9.5727           -191                        1.0000                                     291.5071      1065.0062
 145   IV:BDJPZ                                                  4         9.5766           -191                        1.0000                                     293.8250      1067.3240
 144   IV:BCNPZ                                                  4         9.5768           -191                        1.0000                                     293.9264      1067.4255
 143   IV:BKNPZ                                                  4         9.5778           -255                        1.0000                                     422.5259      1455.2080
 142   IV:BGJPZ                                                  4         9.5796           -191                        1.0000                                     295.5943      1069.0934
 141   IV:SxJKNPZ                                                5         9.5802           -511                        1.0000                                     935.9205      3005.3343
 140   IV:BFNPZ                                                  4         9.5825           -191                        1.0000                                     297.3029      1070.8020
 139   IV:EdBJPZ                                                 4         9.5838           -191                        1.0000                                     298.0228      1071.5219
 138   IV:SxBJKPZ                                                5         9.5855           -511                        1.0000                                     939.0779      3008.4917
 137   IV:BLNPZ                                                  4         9.5862           -191                        1.0000                                     299.4476      1072.9467
 136   IV:BJNPZ                                                  4         9.5877           -255                        1.0000                                     428.3352      1461.0172
 135   IV:BDNPZ                                                  4         9.5925           -191                        1.0000                                     303.1734      1076.6725
 134   IV:BMNPZ                                                  4         9.5978           -191                        1.0000                                     306.2808      1079.7799
 133   IV:FJKPZ                                                  4         9.5990           -191                        1.0000                                     306.9731      1080.4722
 132   IV:BGNPZ                                                  4         9.6004           -191                        1.0000                                     307.7884      1081.2875
 131   IV:ApJPZ                                                  3         9.6008            -31                        0.0000                                     -11.9549       113.5868
 130   IV:AgJKPZ                                                 4         9.6022           -191                        1.0000                                     308.8455      1082.3446
 129   IV:ABNPZ                                                  4         9.6037           -191                        1.0000                                     309.7230      1083.2221
 128   IV:ApBPZ                                                  3         9.6038            -31                        0.0000                                     -10.2210       115.3207
 127   IV:EdJKPZ                                                 4         9.6040           -191                        1.0000                                     309.9100      1083.4091
 126   IV:BENPZ                                                  4         9.6081           -191                        1.0000                                     312.3367      1085.8358
 125   IV:ApNPZ                                                  3         9.6091            -31                        0.0000                                      -7.0513       118.4904
 124   IV:BHNPZ                                                  4         9.6102           -191                        1.0000                                     313.5482      1087.0473
 123   IV:EdBNPZ                                                 4         9.6109           -191                        1.0000                                     313.9955      1087.4946
 122   IV:EJKPZ                                                  4         9.6116           -191                        1.0000                                     314.3752      1087.8742
 121   IV:CJKPZ                                                  4         9.6136           -191                        1.0000                                     315.5724      1089.0715
 120   IV:AJKPZ                                                  4         9.6144           -191                        1.0000                                     316.0621      1089.5612
 119   IV:SxBJPZ                                                 4         9.6151           -127                        1.0000                                     188.4662       702.7823
 118   IV:GJKPZ                                                  4         9.6157           -191                        1.0000                                     316.8099      1090.3090
 117   IV:HJKPZ                                                  4         9.6166           -191                        1.0000                                     317.3438      1090.8429
 116   IV:JKLPZ                                                  4         9.6197           -191                        1.0000                                     319.1350      1092.6341
 115   IV:JKNPZ                                                  4         9.6201           -255                        1.0000                                     447.3757      1480.0578
 114   IV:BJKPZ                                                  4         9.6231           -255                        1.0000                                     449.1272      1481.8092
 113   IV:JKMPZ                                                  4         9.6247           -191                        1.0000                                     322.1162      1095.6153
 112   IV:DJKPZ                                                  4         9.6264           -191                        1.0000                                     323.0969      1096.5960
 111   IV:ApBZ                                                   2         9.6269             -7                        0.0000                                     -44.5974       -16.2492
 110   IV:ApNZ                                                   2         9.6292             -7                        0.0000                                     -43.2525       -14.9044
 109   IV:AgBPZ                                                  3         9.6327            -47                        0.1921                                      38.7964       229.1339
 108   IV:AgJPZ                                                  3         9.6334            -47                        0.2021                                      39.1855       229.5229
 107   IV:EdJPZ                                                  3         9.6364            -47                        0.2517                                      40.9408       231.2783
 106   IV:FJPZ                                                   3         9.6364            -47                        0.2519                                      40.9473       231.2848
 105   IV:ApPZ                                                   2         9.6365             -7                        0.0000                                     -38.9655       -10.6173
 104   IV:KNPZ                                                   3         9.6375            -63                        0.8272                                      73.5980       328.7312
 103   IV:SxBNPZ                                                 4         9.6380           -127                        1.0000                                     201.8881       716.2042
 102   IV:ApZ                                                    1         9.6396                                       0.0000                                     -49.1652       -45.1155
 101   IV:BKPZ                                                   3         9.6444            -63                        0.9136                                      77.6654       332.7986
 100   IV:SxJKPZ                                                 4         9.6460           -127                        1.0000                                     206.6304       720.9466
  99   IV:BFPZ                                                   3         9.6467            -47                        0.4736                                      47.0256       237.3630
  98   IV:CJPZ                                                   3         9.6478            -47                        0.5013                                      47.6949       238.0324
  97   IV:BCPZ                                                   3         9.6481            -47                        0.5085                                      47.8669       238.2043
  96   IV:EJPZ                                                   3         9.6491            -47                        0.5330                                      48.4540       238.7915
  95   IV:AJPZ                                                   3         9.6500            -47                        0.5542                                      48.9594       239.2969
  94   IV:AgNPZ                                                  3         9.6505            -47                        0.5657                                      49.2334       239.5708
  93   IV:GJPZ                                                   3         9.6529            -47                        0.6267                                      50.6942       241.0317
  92   IV:HJPZ                                                   3         9.6533            -47                        0.6361                                      50.9223       241.2598
  91   IV:JNPZ                                                   3         9.6556            -63                        0.9820                                      84.2275       339.3607
  90   IV:EdBPZ                                                  3         9.6560            -47                        0.6996                                      52.5066       242.8440
  89   IV:JLPZ                                                   3         9.6561            -47                        0.7014                                      52.5524       242.8899
  88   IV:BJPZ                                                   3         9.6570            -63                        0.9860                                      85.0712       340.2044
  87   IV:BNPZ                                                   3         9.6574            -63                        0.9870                                      85.3213       340.4545
  86   IV:BLPZ                                                   3         9.6582            -47                        0.7481                                      53.7891       244.1266
  85   IV:JMPZ                                                   3         9.6584            -47                        0.7519                                      53.8933       244.2308
  84   IV:CNPZ                                                   3         9.6604            -47                        0.7940                                      55.1013       245.4388
  83   IV:BGPZ                                                   3         9.6614            -47                        0.8126                                      55.6748       246.0122
  82   IV:ABPZ                                                   3         9.6622            -47                        0.8266                                      56.1250       246.4625
  81   IV:GNPZ                                                   3         9.6633            -47                        0.8456                                      56.7663       247.1037
  80   IV:BMPZ                                                   3         9.6633            -47                        0.8462                                      56.7897       247.1271
  79   IV:DJPZ                                                   3         9.6661            -47                        0.8895                                      58.4554       248.7929
  78   IV:BHPZ                                                   3         9.6665            -47                        0.8940                                      58.6517       248.9892
  77   IV:JKPZ                                                   3         9.6665            -63                        0.9982                                      90.6716       345.8049
  76   IV:BEPZ                                                   3         9.6669            -47                        0.8999                                      58.9167       249.2541
  75   IV:EdNPZ                                                  3         9.6671            -47                        0.9023                                      59.0254       249.3629
  74   IV:BDPZ                                                   3         9.6686            -47                        0.9195                                      59.8712       250.2087
  73   IV:MNPZ                                                   3         9.6691            -47                        0.9249                                      60.1638       250.5012
  72   IV:KNZ                                                    2         9.6696            -15                        0.0039                                      -3.5242        57.2218
  71   IV:LNPZ                                                   3         9.6701            -47                        0.9356                                      60.7834       251.1209
  70   IV:DNPZ                                                   3         9.6723            -47                        0.9541                                      62.0506       252.3881
  69   IV:BCZ                                                    2         9.6732            -11                        0.0009                                      -9.4202        35.1269
  68   IV:ANPZ                                                   3         9.6746            -47                        0.9694                                      63.4257       253.7632
  67   IV:JNZ                                                    2         9.6771            -15                        0.0156                                       0.8927        61.6387
  66   IV:FNPZ                                                   3         9.6771            -47                        0.9813                                      64.9166       255.2541
  65   IV:SxJPZ                                                  3         9.6797            -31                        0.6427                                      34.4093       159.9511
  64   IV:BKZ                                                    2         9.6805            -15                        0.0279                                       2.8975        63.6435
  63   IV:ENPZ                                                   3         9.6808            -47                        0.9918                                      67.0711       257.4086
  62   IV:EdBZ                                                   2         9.6817            -11                        0.0056                                      -4.4158        40.1313
  61   IV:HNPZ                                                   3         9.6818            -47                        0.9937                                      67.6739       258.0114
  60   IV:CNZ                                                    2         9.6838            -11                        0.0087                                      -3.1537        41.3934
  59   IV:KPZ                                                    2         9.6852            -15                        0.0593                                       5.6503        66.3963
  58   IV:AgPZ                                                   2         9.6877            -11                        0.0184                                      -0.8776        43.6695
  57   IV:EdNZ                                                   2         9.6877            -11                        0.0184                                      -0.8756        43.6715
  56   IV:SxNPZ                                                  3         9.6886            -31                        0.8711                                      39.6274       165.1692
  55   IV:BJZ                                                    2         9.6889            -15                        0.1032                                       7.8338        68.5798
  54   IV:AgBZ                                                   2         9.6891            -11                        0.0240                                      -0.0501        44.4969
  53   IV:CPZ                                                    2         9.6896            -11                        0.0264                                       0.2542        44.8013
  52   IV:BFZ                                                    2         9.6903            -11                        0.0297                                       0.6274        45.1745
  51   IV:AgNZ                                                   2         9.6905            -11                        0.0311                                       0.7740        45.3210
  50   IV:EdPZ                                                   2         9.6906            -11                        0.0319                                       0.8508        45.3979
  49   IV:SxBPZ                                                  3         9.6916            -31                        0.9222                                      41.4099       166.9516
  48   IV:BNZ                                                    2         9.6942            -15                        0.2107                                      10.9464        71.6924
  47   IV:ABZ                                                    2         9.6942            -11                        0.0604                                       2.9724        47.5195
  46   IV:BDZ                                                    2         9.6980            -11                        0.1136                                       5.2057        49.7528
  45   IV:BLZ                                                    2         9.6998            -11                        0.1487                                       6.2150        50.7621
  44   IV:CZ                                                     1         9.6998             -2                        0.0004                                     -11.7735        -3.6740
  43   IV:EdZ                                                    1         9.7009             -2                        0.0005                                     -11.1356        -3.0361
  42   IV:KZ                                                     1         9.7010             -3                        0.0018                                      -9.0841         3.0651
  41   IV:GPZ                                                    2         9.7015            -11                        0.1917                                       7.2128        51.7598
  40   IV:JPZ                                                    2         9.7017            -15                        0.4778                                      15.3592        76.1052
  39   IV:BEZ                                                    2         9.7019            -11                        0.2057                                       7.4982        52.0453
  38   IV:NPZ                                                    2         9.7020            -15                        0.4917                                      15.5458        76.2918
  37   IV:MNZ                                                    2         9.7023            -11                        0.2159                                       7.6966        52.2437
  36   IV:BPZ                                                    2         9.7029            -15                        0.5309                                      16.0644        76.8104
  35   IV:ENZ                                                    2         9.7030            -11                        0.2374                                       8.0913        52.6384
  34   IV:LNZ                                                    2         9.7036            -11                        0.2602                                       8.4823        53.0294
  33   IV:DNZ                                                    2         9.7041            -11                        0.2768                                       8.7517        53.2988
  32   IV:FPZ                                                    2         9.7062            -11                        0.3634                                      10.0008        54.5479
  31   IV:LPZ                                                    2         9.7062            -11                        0.3636                                      10.0036        54.5507
  30   IV:BMZ                                                    2         9.7066            -11                        0.3802                                      10.2196        54.7666
  29   IV:BGZ                                                    2         9.7070            -11                        0.4000                                      10.4716        55.0186
  28   IV:EPZ                                                    2         9.7087            -11                        0.4854                                      11.4883        56.0354
  27   IV:APZ                                                    2         9.7089            -11                        0.4941                                      11.5871        56.1342
  26   IV:GNZ                                                    2         9.7094            -11                        0.5182                                      11.8568        56.4039
  25   IV:ANZ                                                    2         9.7097            -11                        0.5369                                      12.0638        56.6109
  24   IV:DPZ                                                    2         9.7105            -11                        0.5799                                      12.5341        57.0812
  23   IV:BHZ                                                    2         9.7106            -11                        0.5833                                      12.5707        57.1178
  22   IV:SxNZ                                                   2         9.7111             -7                        0.2437                                       4.8863        33.2344
  21   IV:JZ                                                     1         9.7111             -3                        0.0276                                      -3.1052         9.0440
  20   IV:SxBZ                                                   2         9.7122             -7                        0.2912                                       5.5163        33.8644
  19   IV:FNZ                                                    2         9.7126            -11                        0.6910                                      13.7392        58.2863
  18   IV:HPZ                                                    2         9.7128            -11                        0.7060                                      13.9040        58.4511
  17   IV:HNZ                                                    2         9.7141            -11                        0.7683                                      14.6150        59.1621
  16   IV:AgZ                                                    1         9.7144             -2                        0.0272                                      -3.2089         4.8906
  15   IV:SxPZ                                                   2         9.7161             -7                        0.5221                                       7.8380        36.1862
  14   IV:LZ                                                     1         9.7163             -2                        0.0488                                      -2.0382         6.0613
  13   IV:MPZ                                                    2         9.7164            -11                        0.8722                                      15.9758        60.5229
  12   IV:BZ                                                     1         9.7169             -3                        0.1235                                       0.2652        12.4144
  11   IV:NZ                                                     1         9.7180             -3                        0.1632                                       0.9055        13.0547
  10   IV:EZ                                                     1         9.7184             -2                        0.0886                                      -0.8474         7.2521
   9   IV:DZ                                                     1         9.7188             -2                        0.0997                                      -0.6115         7.4880
   8   IV:AZ                                                     1         9.7197             -2                        0.1306                                      -0.0717         8.0278
   7   IV:FZ                                                     1         9.7232             -2                        0.3611                                       1.9630        10.0624
   6   IV:SxZ                                                    1         9.7236                                       0.1861                                       0.2499         4.2996
   5   IV:GZ                                                     1         9.7242             -2                        0.4857                                       2.5555        10.6550
   4   IV:PZ                                                     1         9.7244             -3                        0.7269                                       4.6740        16.8232
   3   IV:MZ                                                     1         9.7248             -2                        0.5928                                       2.9542        11.0537
   2   IV:HZ                                                     1         9.7250             -2                        0.6187                                       3.0396        11.1391
   1   IV:Z                                                                9.7266              0                        1.0000                                       0.0000         0.0000
  ID   MODEL                      ID          Model          Level              H            dDF            dLR          Alpha            Inf        %dH(DV)           dAIC           dBIC


Best Model(s) by dBIC:
 102   IV:ApZ                                                    1         9.6396                                       0.0000                                     -49.1652       -45.1155
Best Model(s) by dAIC:
 102   IV:ApZ                                                    1         9.6396                                       0.0000                                     -49.1652       -45.1155




Best Model(s) by dBIC:
  IV:EdBGJKNPZ  dBIC=55529.1725
Best Model(s) by dAIC:
  IV:EdBGJKNPZ  dAIC=18210.8787

