  ID   MODEL                   ID          Model          Level              H            dDF            dLR          Alpha            Inf        %dH(DV)           dAIC           dBIC
 111   IV:ApAKZ                                               3         9.5439             23                        0.0000                                     -62.4273        30.7166
 110   IV:ApEdKZ                                              3         9.5579             23                        0.0000                                     -54.1733        38.9705
 109   IV:ApEKZ                                               3         9.5617             23                        0.0000                                     -51.9333        41.2106
 108   IV:ApEdJZ                                              3         9.5663             23                        0.0000                                     -49.2285        43.9154
 107   IV:ApACZ                                               3         9.5680             17                        0.0000                                     -60.2161         8.6294
 106   IV:ApCKZ                                               3         9.5683             23                        0.0000                                     -48.0366        45.1073
 105   IV:ApKNZ                                               3         9.5686             31                        0.0000                                     -31.8948        93.6469
 104   IV:ApEdCZ                                              3         9.5713             17                        0.0000                                     -58.2970        10.5485
 103   IV:ApAgKZ                                              3         9.5722             23                        0.0000                                     -45.7589        47.3850
 102   IV:ApFKZ                                               3         9.5726             23                        0.0000                                     -45.5084        47.6355
 101   IV:ApEdAgZ                                             3         9.5752             17                        0.0000                                     -56.0119        12.8336
 100   IV:ApDKZ                                               3         9.5763             23                        0.0000                                     -43.3606        49.7833
  99   IV:ApEdLZ                                              3         9.5770             17                        0.0000                                     -54.9245        13.9210
  98   IV:ApEdDZ                                              3         9.5775             17                        0.0000                                     -54.6221        14.2233
  97   IV:ApCJZ                                               3         9.5778             23                        0.0000                                     -42.4676        50.6762
  96   IV:ApEdHZ                                              3         9.5804             17                        0.0000                                     -52.9643        15.8812
  95   IV:ApEdAZ                                              3         9.5806             17                        0.0000                                     -52.8231        16.0224
  94   IV:ApBKZ                                               3         9.5809             31                        0.0000                                     -24.6493       100.8924
  93   IV:ApHKZ                                               3         9.5830             23                        0.0000                                     -39.4179        53.7260
  92   IV:ApKLZ                                               3         9.5831             23                        0.0000                                     -39.3353        53.8085
  91   IV:ApEdMZ                                              3         9.5834             17                        0.0000                                     -51.1678        17.6777
  90   IV:ApBCZ                                               3         9.5835             23                        0.0000                                     -39.1196        54.0242
  89   IV:ApEdBZ                                              3         9.5838             23                        0.0000                                     -38.9715        54.1724
  88   IV:ApCNZ                                               3         9.5847             23                        0.0000                                     -38.4381        54.7057
  87   IV:ApGKZ                                               3         9.5851             23                        0.0000                                     -38.1783        54.9655
  86   IV:ApEdEZ                                              3         9.5851             17                        0.0000                                     -50.1779        18.6676
  85   IV:ApCDZ                                               3         9.5852             17                        0.0000                                     -50.1171        18.7284
  84   IV:ApKPZ                                               3         9.5862             31                        0.0000                                     -21.5520       103.9897
  83   IV:ApSxEdZ                                             3         9.5882             11                        0.0000                                     -60.3487       -15.8016
  82   IV:ApCLZ                                               3         9.5895             17                        0.0000                                     -47.6113        21.2342
  81   IV:ApCEZ                                               3         9.5897             17                        0.0000                                     -47.4668        21.3787
  80   IV:ApJKZ                                               3         9.5901             31                        0.0000                                     -19.2593       106.2824
  79   IV:ApAgCZ                                              3         9.5901             17                        0.0000                                     -47.2296        21.6159
  78   IV:ApSxKZ                                              3         9.5907             15                        0.0000                                     -50.8648         9.8812
  77   IV:ApCMZ                                               3         9.5910             17                        0.0000                                     -46.7443        22.1012
  76   IV:ApEdNZ                                              3         9.5913             23                        0.0000                                     -34.5644        58.5794
  75   IV:ApKMZ                                               3         9.5931             23                        0.0000                                     -33.4603        59.6836
  74   IV:ApSxCZ                                              3         9.5931             11                        0.0000                                     -57.4561       -12.9090
  73   IV:ApCFZ                                               3         9.5944             17                        0.0000                                     -44.7106        24.1349
  72   IV:ApEdPZ                                              3         9.5947             23                        0.0000                                     -32.5216        60.6223
  71   IV:ApCPZ                                               3         9.5967             23                        0.0000                                     -31.3684        61.7754
  70   IV:ApEdFZ                                              3         9.5981             17                        0.0000                                     -42.5313        26.3142
  69   IV:ApCHZ                                               3         9.5982             17                        0.0000                                     -42.4916        26.3539
  68   IV:ApEdGZ                                              3         9.5990             17                        0.0000                                     -42.0310        26.8145
  67   IV:ApCGZ                                               3         9.6005             17                        0.0000                                     -41.1244        27.7211
  66   IV:ApEdZ                                               2         9.6093              5                        0.0000                                     -59.9328       -39.6841
  65   IV:ApKZ                                                2         9.6095              7                        0.0000                                     -55.8288       -27.4806
  64   IV:ApCZ                                                2         9.6125              5                        0.0000                                     -58.0996       -37.8510
  63   IV:ApAZ                                                2         9.6180              5                        0.0000                                     -54.8411       -34.5924
  62   IV:ApJZ                                                2         9.6199              7                        0.0000                                     -49.7518       -21.4037
  61   IV:ApAgZ                                               2         9.6228              5                        0.0000                                     -52.0428       -31.7941
  60   IV:ApEZ                                                2         9.6267              5                        0.0000                                     -49.7363       -29.4877
  59   IV:ApBZ                                                2         9.6269              7                        0.0000                                     -45.5974       -17.2492
  58   IV:ApDZ                                                2         9.6271              5                        0.0000                                     -49.5098       -29.2612
  57   IV:ApNZ                                                2         9.6292              7                        0.0000                                     -44.2525       -15.9044
  56   IV:ApLZ                                                2         9.6293              5                        0.0000                                     -48.2127       -27.9641
  55   IV:ApSxZ                                               2         9.6295              3                        0.0000                                     -52.0731       -39.9239
  54   IV:ApFZ                                                2         9.6313              5                        0.0000                                     -47.0550       -26.8063
  53   IV:ApHZ                                                2         9.6326              5                        0.0000                                     -46.2741       -26.0254
  52   IV:ApMZ                                                2         9.6341              5                        0.0000                                     -45.4011       -25.1524
  51   IV:ApPZ                                                2         9.6365              7                        0.0000                                     -39.9655       -11.6173
  50   IV:ApGZ                                                2         9.6374              5                        0.0000                                     -43.4580       -23.2094
  49   IV:ApZ                                                 1         9.6396              1                        0.0000                                     -50.1652       -46.1155
  48   IV:EdKZ                                                2         9.6554             11                        0.0000                                     -20.8745        23.6725
  47   IV:EdJZ                                                2         9.6653             11                        0.0001                                     -15.0222        29.5249
  46   IV:BCZ                                                 2         9.6732             11                        0.0009                                     -10.4202        34.1269
  45   IV:EdCZ                                                2         9.6737              8                        0.0001                                     -16.1322        16.2657
  44   IV:CKZ                                                 2         9.6742             11                        0.0011                                      -9.8004        34.7467
  43   IV:EdLZ                                                2         9.6747              8                        0.0002                                     -15.5032        16.8947
  42   IV:EdAgZ                                               2         9.6816              8                        0.0008                                     -11.4416        20.9562
  41   IV:EdBZ                                                2         9.6817             11                        0.0056                                      -5.4158        39.1313
  40   IV:CMZ                                                 2         9.6831              8                        0.0012                                     -10.5594        21.8385
  39   IV:EdMZ                                                2         9.6834              8                        0.0013                                     -10.3855        22.0124
  38   IV:CNZ                                                 2         9.6838             11                        0.0087                                      -4.1537        40.3934
  37   IV:CJZ                                                 2         9.6839             11                        0.0088                                      -4.1180        40.4291
  36   IV:AgCZ                                                2         9.6847              8                        0.0017                                      -9.6627        22.7351
  35   IV:CLZ                                                 2         9.6857              8                        0.0022                                      -9.0457        23.3521
  34   IV:CDZ                                                 2         9.6858              8                        0.0023                                      -9.0096        23.3882
  33   IV:EdDZ                                                2         9.6863              8                        0.0026                                      -8.6792        23.7186
  32   IV:CEZ                                                 2         9.6873              8                        0.0032                                      -8.0867        24.3111
  31   IV:EdNZ                                                2         9.6877             11                        0.0184                                      -1.8756        42.6715
  30   IV:EdEZ                                                2         9.6888              8                        0.0045                                      -7.2036        25.1942
  29   IV:CPZ                                                 2         9.6896             11                        0.0264                                      -0.7458        43.8013
  28   IV:CFZ                                                 2         9.6899              8                        0.0057                                      -6.6064        25.7914
  27   IV:ACZ                                                 2         9.6904              8                        0.0064                                      -6.3105        26.0874
  26   IV:EdAZ                                                2         9.6905              8                        0.0066                                      -6.2165        26.1813
  25   IV:EdPZ                                                2         9.6906             11                        0.0319                                      -0.1492        44.3979
  24   IV:EdFZ                                                2         9.6915              8                        0.0082                                      -5.6304        26.7674
  23   IV:CHZ                                                 2         9.6935              8                        0.0126                                      -4.4601        27.9378
  22   IV:EdHZ                                                2         9.6936              8                        0.0129                                      -4.3961        28.0018
  21   IV:SxCZ                                                2         9.6939              5                        0.0018                                     -10.2067        10.0420
  20   IV:CGZ                                                 2         9.6948              8                        0.0165                                      -3.7069        28.6909
  19   IV:EdGZ                                                2         9.6956              8                        0.0197                                      -3.2165        29.1813
  18   IV:SxEdZ                                               2         9.6963              5                        0.0032                                      -8.8265        11.4222
  17   IV:CZ                                                  1         9.6998              2                        0.0004                                     -12.7735        -4.6740
  16   IV:EdZ                                                 1         9.7009              2                        0.0005                                     -12.1356        -4.0361
  15   IV:KZ                                                  1         9.7010              3                        0.0018                                     -10.0841         2.0651
  14   IV:JZ                                                  1         9.7111              3                        0.0276                                      -4.1052         8.0440
  13   IV:AgZ                                                 1         9.7144              2                        0.0272                                      -4.2089         3.8906
  12   IV:LZ                                                  1         9.7163              2                        0.0488                                      -3.0382         5.0613
  11   IV:BZ                                                  1         9.7169              3                        0.1235                                      -0.7348        11.4144
  10   IV:NZ                                                  1         9.7180              3                        0.1632                                      -0.0945        12.0547
   9   IV:EZ                                                  1         9.7184              2                        0.0886                                      -1.8474         6.2521
   8   IV:DZ                                                  1         9.7188              2                        0.0997                                      -1.6115         6.4880
   7   IV:AZ                                                  1         9.7197              2                        0.1306                                      -1.0717         7.0278
   6   IV:FZ                                                  1         9.7232              2                        0.3611                                       0.9630         9.0624
   5   IV:SxZ                                                 1         9.7236              1                        0.1861                                      -0.7501         3.2996
   4   IV:GZ                                                  1         9.7242              2                        0.4857                                       1.5555         9.6550
   3   IV:PZ                                                  1         9.7244              3                        0.7269                                       3.6740        15.8232
   2   IV:MZ                                                  1         9.7248              2                        0.5928                                       1.9542        10.0537
   1   IV:HZ                                                  1         9.7250              2                        0.6187                                       2.0396        10.1391
  ID   MODEL                   ID          Model          Level              H            dDF            dLR          Alpha            Inf        %dH(DV)           dAIC           dBIC


Best Model(s) by dBIC:
  49   IV:ApZ                                                 1         9.6396              1                        0.0000                                     -50.1652       -46.1155
Best Model(s) by dAIC:
 111   IV:ApAKZ                                               3         9.5439             23                        0.0000                                     -62.4273        30.7166



================================================================================
BEST MODELS SUMMARY
================================================================================

Best Model by dBIC: IV:ApJKZ
  dBIC = 106.2824

Best Model by dAIC: IV:PZ
  dAIC = 3.6740

Best Model by Information: IV:ApAKZ
  Information = 0.1830
  Alpha = 0.0000

