OCCAM Search Report - FULL-UP
Generated: 2025-07-28 03:41:41
Data File: dementia05.txt
================================================================================

OCCAM Search Report
Search: full-up, Levels: 7, Width: 3
Generated: 2025-07-28 03:41:41

ID	MODEL	Level	H	dDF	dLR	Alpha	Inf	%dH(DV)	dAIC	dBIC	Inc.Alpha	%C(Data)	%cover
1	IV:ApZ	1	9.6396	1	51.1652	0.0000	0.0872	-1.00	49.1652	45.1155	-1.0000	74.60	92.10
2	IV:SxZ	1	9.7236	1	1.7501	0.1861	0.0030	-1.00	-0.2499	-4.2996	-1.0000	56.80	95.90
3	IV:EdZ	1	9.7009	2	15.1356	0.0005	0.0258	-1.00	11.1356	3.0361	-1.0000	63.20	87.20
4	IV:AgZ	1	9.7144	2	7.2089	0.0272	0.0123	-1.00	3.2089	-4.8906	-1.0000	66.40	87.60
5	IV:AZ	1	9.7197	2	4.0717	0.1306	0.0069	-1.00	0.0717	-8.0278	-1.0000	61.40	90.10
6	IV:BZ	1	9.7169	3	5.7348	0.1235	0.0098	-1.00	-0.2652	-12.4144	-1.0000	72.00	89.60
7	IV:CZ	1	9.6998	2	15.7735	0.0004	0.0269	-1.00	11.7735	3.6740	-1.0000	62.40	95.10
8	IV:DZ	1	9.7188	2	4.6115	0.0997	0.0079	-1.00	0.6115	-7.4880	-1.0000	60.00	93.20
9	IV:EZ	1	9.7184	2	4.8474	0.0886	0.0083	-1.00	0.8474	-7.2521	-1.0000	58.00	91.60
10	IV:FZ	1	9.7232	2	2.0370	0.3611	0.0035	-1.00	-1.9630	-10.0624	-1.0000	71.00	92.30
11	IV:GZ	1	9.7242	2	1.4445	0.4857	0.0025	-1.00	-2.5555	-10.6550	-1.0000	63.20	88.70
12	IV:HZ	1	9.7250	2	0.9604	0.6187	0.0016	-1.00	-3.0396	-11.1391	-1.0000	64.80	94.90
13	IV:JZ	1	9.7111	3	9.1052	0.0276	0.0155	-1.00	3.1052	-9.0440	-1.0000	71.60	87.80
14	IV:KZ	1	9.7010	3	15.0841	0.0018	0.0257	-1.00	9.0841	-3.0651	-1.0000	63.00	88.00
15	IV:LZ	1	9.7163	2	6.0382	0.0488	0.0103	-1.00	2.0382	-6.0613	-1.0000	60.80	87.10
16	IV:MZ	1	9.7248	2	1.0458	0.5928	0.0018	-1.00	-2.9542	-11.0537	-1.0000	63.60	87.60
17	IV:NZ	1	9.7180	3	5.0945	0.1632	0.0087	-1.00	-0.9055	-13.0547	-1.0000	73.20	92.50
18*	IV:PZ	1	9.7244	3	1.3260	0.7269	0.0023	-1.00	-4.6740	-16.8232	-1.0000	64.40	91.40

Model Complexity Analysis:
=========================
Models by Complexity Level:
  Level 1: 18 models

WARNING: Only simple models generated - search parameters may need adjustment

Best Models:
Best BIC: IV:PZ (BIC=-16.8232)
Best AIC: IV:PZ (AIC=-4.6740)
